5 0.208 0.384 0.202 0.41333333333333333 0.314 0.4186666666666667 0.334 0.30933333333333335 0.23 0.312
5 0.418 0.336 0.396 0.424 0.526 0.43466666666666665 0.534 0.42933333333333334 0.56 0.31733333333333336 0.488 0.328 0.428 0.31733333333333336
5 0.67 0.31733333333333336 0.648 0.43733333333333335 0.806 0.448 0.824 0.44 0.84 0.312 0.726 0.32 0.674 0.30933333333333335
1 0.21 0.3333333333333333 0.208 0.368 0.218 0.3333333333333333
1 0.32 0.392 0.32 0.416 0.39 0.424 0.418 0.33066666666666666 0.338 0.33066666666666666
1 0.83 0.39466666666666667 0.828 0.44266666666666665 0.916 0.456 0.928 0.44533333333333336 0.932 0.34933333333333333 0.918 0.336 0.848 0.336
1 0.538 0.4106666666666667 0.538 0.42933333333333334 0.644 0.43733333333333335 0.654 0.41333333333333333 0.664 0.3333333333333333 0.56 0.3333333333333333
7 0.056 0.43733333333333335 0.052 0.472 0.07 0.4826666666666667 0.762 0.5573333333333333 0.92 0.5146666666666667 0.928 0.5013333333333333 0.924 0.4666666666666667 0.84 0.448 0.338 0.41333333333333333 0.158 0.4186666666666667
2 0.06 0.48222133333333334 0.026666 0.488888 0.785 0.58 0.798334 0.58 0.971666 0.5244453333333333 0.9316660000000001 0.5133333333333333 0.7816660000000001 0.5577786666666666 0.47 0.5244453333333333 0.07 0.48222133333333334
4 0.77 0.584 0.768 0.64 0.78 0.6426666666666667 0.948 0.5866666666666667 0.95 0.5413333333333333 0.942 0.536
4 0.484 0.5493333333333333 0.462 0.5493333333333333 0.462 0.5946666666666667 0.654 0.576
4 0.25 0.5226666666666666 0.226 0.5226666666666666 0.23 0.5626666666666666 0.344 0.5413333333333333
4 0.042 0.49866666666666665 0.046 0.5386666666666666 0.176 0.5173333333333333
0 0.052 0.44266666666666665 0.052 0.472 0.026 0.488 0.042 0.49866666666666665 0.046 0.536 0.202 0.5146666666666667 0.235 0.56 0.296666 0.5466666666666666 0.428334 0.5355546666666666 0.476666 0.5933333333333334 0.6133339999999999 0.5777786666666667 0.7716660000000001 0.5933333333333334 0.77 0.64 0.944 0.5866666666666667 0.956 0.5306666666666666 0.968 0.5253333333333333 0.954 0.52 0.938 0.45866666666666667 0.938 0.352 0.922 0.336 0.8551420000000001 0.336 0.838 0.30933333333333335 0.716 0.32 0.688 0.30933333333333335 0.428 0.31733333333333336 0.412 0.3333333333333333 0.34 0.33066666666666666 0.334 0.30933333333333335 0.3 0.32 0.228 0.312 0.212 0.33866666666666667 0.202 0.408 0.18 0.4186666666666667 0.078 0.42933333333333334