5 0.2683333333333333 0.5016666666666667 0.265 0.505 0.26666666666666666 0.5225 0.28833333333333333 0.5458333333333333 0.31416666666666665 0.5933333333333334 0.335 0.61 0.37 0.6133333333333333 0.38333333333333336 0.5983333333333334 0.3875 0.5825 0.37916666666666665 0.5608333333333333 0.36 0.5333333333333333 0.3175 0.49916666666666665 0.285 0.49666666666666665
5 0.19083333333333333 0.5041666666666667 0.19166666666666668 0.52 0.2 0.5366666666666666 0.24333333333333335 0.55 0.2775 0.5683333333333334 0.2991666666666667 0.5883333333333334 0.30583333333333335 0.5883333333333334 0.29833333333333334 0.5633333333333334 0.2816666666666667 0.54 0.2658333333333333 0.525 0.2633333333333333 0.5033333333333333 0.25416666666666665 0.49416666666666664 0.2375 0.4875 0.22083333333333333 0.49833333333333335
5 0.6416666666666667 0.46166666666666667 0.64 0.4675 0.6533333333333333 0.5116666666666667 0.6566666666666666 0.5516666666666666 0.6541666666666667 0.5641666666666667 0.7866666666666666 0.5591666666666667 0.7908333333333334 0.5566666666666666 0.7766666666666666 0.5141666666666667 0.765 0.4583333333333333 0.7541666666666667 0.45416666666666666 0.6941666666666667 0.455
5 0.7708333333333334 0.46166666666666667 0.7716666666666666 0.4875 0.7925 0.5541666666666667 0.8441666666666666 0.5558333333333333 0.8291666666666667 0.5183333333333333 0.8308333333333333 0.4741666666666667 0.8341666666666666 0.4633333333333333 0.8283333333333334 0.4608333333333333
1 0.035 0.425 0.035833333333333335 0.42833333333333334 0.03 0.43166666666666664 0.0325 0.455 0.04 0.49833333333333335 0.045 0.5025 0.0975 0.5083333333333333 0.18083333333333335 0.5291666666666667 0.19 0.5258333333333334 0.19 0.5033333333333333 0.22416666666666665 0.495 0.23958333333333334 0.4866666666666667 0.2475 0.48833333333333334 0.2608333333333333 0.49916666666666665 0.28583333333333333 0.49416666666666664 0.31666666666666665 0.49583333333333335 0.3541666666666667 0.5225 0.3641666666666667 0.535 0.38666666666666666 0.5725 0.39166666666666666 0.5941666666666666 0.5225 0.5858333333333333 0.5666666666666667 0.5758333333333333 0.65 0.565 0.6525 0.5566666666666666 0.6516666666666666 0.5225 0.6408333333333334 0.49833333333333335 0.6383333333333333 0.4666666666666667 0.6491666666666667 0.4575 0.6625 0.455 0.6991666666666667 0.45166666666666666 0.7558333333333334 0.4525 0.7616666666666667 0.455 0.765 0.4525 0.755 0.41583333333333333 0.75 0.4033333333333333 0.745 0.39916666666666667 0.6169441666666666 0.4091666666666667 0.43833333333333335 0.4058333333333333 0.3725 0.415 0.2833333333333333 0.42083333333333334 0.0825 0.42333333333333334 0.0475 0.42
6 0.02 0.5216666666666666 0.015 0.5375 0.015 0.5541666666666667 0.0225 0.6058333333333333 0.04083333333333333 0.685 0.056666666666666664 0.7183333333333334 0.0675 0.7258333333333333 0.09166666666666666 0.7341666666666666 0.215 0.765 0.255 0.7725 0.2658333333333333 0.7633333333333333 0.2808333333333333 0.7625 0.29 0.7483333333333333 0.30916666666666665 0.6991666666666667 0.31166666666666665 0.685 0.30916666666666665 0.6691666666666667 0.3175 0.66 0.3358333333333333 0.6533333333333333 0.3308333333333333 0.6291666666666667 0.30416666666666664 0.595 0.2866666666666667 0.5783333333333334 0.26166666666666666 0.5608333333333333 0.2375 0.55 0.09916666666666667 0.5108333333333334 0.0325 0.5041666666666667 0.02666666666666667 0.5066666666666667 0.024166666666666666 0.5175
3 0.8325 0.48083333333333333 0.8291666666666667 0.5133333333333333 0.8383333333333334 0.5458333333333333 0.8525 0.5583333333333333 0.8933333333333333 0.5675 0.915 0.5783333333333334 0.9275 0.5891666666666666 0.94 0.6191666666666666 0.9441666666666667 0.6408333333333334 0.9425 0.65 0.9458333333333333 0.6508333333333334 0.9525 0.6391666666666667 0.965 0.5866666666666667 0.97 0.5391666666666667 0.9641666666666666 0.5266666666666666 0.9783333333333334 0.5083333333333333 0.9791666666666666 0.5025 0.9458333333333333 0.4925 0.8908333333333334 0.4825 0.84 0.47583333333333333 0.835 0.47583333333333333
7 0.2966666666666667 0.7508333333333334 0.2966666666666667 0.7633333333333333 0.31416666666666665 0.7658333333333334 0.8666666666666667 0.6658333333333334 0.9108333333333334 0.6541666666666667 0.9416666666666667 0.6508333333333334 0.9466666666666667 0.6425 0.9425 0.635 0.9425 0.6108333333333333 0.9333333333333333 0.6091666666666666 0.9266666666666666 0.5891666666666666 0.8975 0.5708333333333333 0.8625 0.5616666666666666 0.8141666666666667 0.5583333333333333 0.755 0.5658333333333333 0.6325 0.57 0.5566666666666666 0.5808333333333333 0.5166666666666667 0.5916666666666667 0.5116666666666667 0.5891666666666666 0.4608333333333333 0.5908333333333333 0.39416666666666667 0.5975 0.38666666666666666 0.6 0.36666666666666664 0.6175 0.33666666666666667 0.6141666666666666 0.3258333333333333 0.6158333333333333 0.3358333333333333 0.6341666666666667 0.3408333333333333 0.655 0.31416666666666665 0.665 0.3175 0.6866666666666666 0.31333333333333335 0.7091666666666666
4 0.25333333333333335 0.7825 0.255 0.8333333333333334 0.2633333333333333 0.8358333333333333 0.27 0.8291666666666667 0.2733333333333333 0.7991666666666667 0.2775 0.79 0.30666666666666664 0.7708333333333334 0.30333333333333334 0.7691666666666667 0.2575 0.7775
4 0.0625 0.7633333333333333 0.06 0.78 0.06583333333333333 0.7808333333333334 0.08083333333333333 0.7475 0.1 0.7375 0.0725 0.7291666666666666
4 0.6533333333333333 0.7058333333333333 0.6591666666666667 0.7508333333333334 0.6691666666666667 0.7516666666666667 0.6725 0.7483333333333333 0.6733333333333333 0.7277083333333333 0.6775 0.7158333333333333 0.6975 0.6991666666666667 0.6575 0.7025
4 0.6225 0.7125 0.6216666666666667 0.7166666666666667 0.6383333333333333 0.7241666666666666 0.6491666666666667 0.7525 0.6541666666666667 0.755 0.6583333333333333 0.7441666666666666 0.6516666666666666 0.7116666666666667 0.6383333333333333 0.7091666666666666
4 0.9175 0.6566666666666666 0.9158333333333334 0.6608333333333334 0.9308333333333333 0.6683333333333333 0.9416666666666667 0.6925 0.9466666666666667 0.6941666666666667 0.9483333333333334 0.6883333333333334 0.9391666666666667 0.6541666666666667
0 0.0075 0.46166666666666667 0.015833333333333335 0.565 0.03166666666666667 0.6516666666666666 0.04833333333333333 0.7041666666666667 0.055 0.7166666666666667 0.06833333333333333 0.7266666666666667 0.07083333333333333 0.735 0.060833333333333336 0.7783333333333333 0.0675 0.7766666666666666 0.08 0.7466666666666667 0.1 0.7366666666666667 0.24333333333333335 0.7725 0.25666666666666665 0.7825 0.255 0.8241666666666667 0.25833333333333336 0.8341666666666666 0.2683333333333333 0.8308333333333333 0.2725 0.7975 0.2783333333333333 0.7875 0.30666666666666664 0.7683333333333333 0.32416666666666666 0.7641666666666667 0.6183333333333333 0.7116666666666667 0.6233333333333333 0.7116666666666667 0.63 0.72 0.6333333333333333 0.7183333333333334 0.6391666666666667 0.7225 0.6491666666666667 0.7483333333333333 0.6541666666666667 0.7525 0.6683333333333333 0.7466666666666667 0.67 0.7291666666666666 0.6766666666666666 0.7125 0.6991666666666667 0.6966666666666667 0.91 0.6575 0.9291666666666667 0.6641666666666667 0.9416666666666667 0.6891666666666667 0.9458333333333333 0.6908333333333333 0.9391666666666667 0.655 0.9483333333333334 0.6466666666666666 0.9566666666666667 0.6208333333333333 0.9691666666666666 0.5466666666666666 0.9691666666666666 0.5383333333333333 0.9633333333333334 0.5275 0.9725 0.5083333333333333 0.97 0.5016666666666667 0.96 0.49666666666666665 0.8491666666666666 0.4766666666666667 0.8341666666666666 0.48 0.7616666666666667 0.4525 0.7608333333333334 0.43416666666666665 0.7508333333333334 0.405 0.7458333333333333 0.39916666666666667 0.601875 0.41 0.44083333333333335 0.4058333333333333 0.37916666666666665 0.4141666666666667 0.2708333333333333 0.42083333333333334 0.035833333333333335 0.42 0.029166666666666667 0.43166666666666664 0.03166666666666667 0.45 0.025277499999999998 0.4583333333333333