1 0.215 0.50375 0.21375 0.51625 0.22 0.51875 0.28625 0.51875 0.30625 0.525 0.29125 0.5725 0.2925 0.60375 0.345 0.61875 0.3625 0.61875 0.36875 0.61375 0.39125 0.5575 0.455 0.565 0.52 0.56375 0.5225 0.575 0.50875 0.61125 0.515 0.6325 0.53625 0.63125 0.55 0.6375 0.60375 0.645 0.615 0.6375 0.645 0.5725 0.66 0.54625 0.6675 0.54125 0.70625 0.555 0.76625 0.5575 0.77375 0.5675 0.76 0.58375 0.76 0.59125 0.76875 0.59625 0.79 0.59125 0.82375 0.5975 0.8725 0.59625 0.88 0.595 0.8875 0.58125 0.88375 0.54375 0.8575 0.5325 0.62375 0.5225 0.5725 0.5125 0.37 0.5 0.2425 0.495 0.2225 0.4975
5 0.20625 0.52375 0.1875 0.605 0.2575 0.6125 0.2875 0.60875 0.28875 0.575 0.305 0.52 0.21375 0.51875
5 0.37 0.615 0.3675 0.6225 0.37375 0.625 0.495 0.6375 0.51875 0.5675 0.515 0.56375 0.43125 0.565 0.3925 0.56
5 0.61375 0.64125 0.6125 0.65 0.6175 0.6525 0.6625 0.66125 0.66875 0.64 0.685 0.625 0.7475 0.6 0.7675 0.56375 0.7 0.555 0.66375 0.54375
5 0.0825 0.57625 0.0825 0.5975 0.09875 0.61625 0.115 0.6175 0.175 0.60625 0.19 0.59125 0.2 0.545 0.1125 0.555 0.09125 0.5625
5 0.66625 0.65 0.66625 0.66875 0.67625 0.69 0.68875 0.7 0.7175 0.7025 0.73125 0.6975 0.74375 0.685 0.75875 0.6375 0.81625 0.61625 0.82 0.61 0.8375 0.60875 0.84875 0.6025 0.79875 0.595 0.75375 0.60125 0.69 0.62375 0.6725 0.6375
7 0.0725 0.62625 0.07125 0.64875 0.0775 0.6575 0.75125 0.76375 0.7525 0.7225 0.7475 0.71 0.73125 0.70375 0.71375 0.7075 0.69375 0.705 0.6725 0.68875 0.66125 0.66625 0.62125 0.65625 0.605 0.645 0.40875 0.63125 0.37625 0.6275 0.3625 0.62125 0.3375 0.62375 0.33 0.61625 0.31375 0.61125 0.23625 0.61375 0.17375 0.6075 0.1275 0.6175 0.08875 0.61875
6 0.035 0.555 0.035 0.65125 0.06875 0.65625 0.06875 0.635625 0.07625 0.62 0.0925 0.615 0.08 0.59375 0.08 0.5775 0.08625 0.56625 0.10125 0.55625 0.12375 0.55125 0.17 0.55 0.1825 0.54125 0.19875 0.53875 0.19875 0.535 0.09625 0.54375
3 0.75625 0.65375 0.755 0.76375 0.775 0.7925 0.825 0.8025 0.97375 0.73375 0.975 0.6125 0.97 0.60125 0.94 0.595 0.88625 0.595 0.76875 0.63375 0.76125 0.63875
2 0.02875 0.655 0.02875 0.665 0.04 0.66875 0.81375 0.80375 0.83 0.8025 0.97375 0.73375 0.9725 0.72625 0.965 0.72625 0.8875 0.75875 0.8725 0.77 0.8375 0.78125 0.815 0.7825 0.2025 0.6775
4 0.095 0.68 0.095 0.69875 0.30375 0.73375 0.64 0.79875 0.65625 0.7975 0.6825 0.8075 0.78875 0.82875 0.82125 0.8275 0.88125 0.8 0.89375 0.79125 0.8975 0.7825 0.8925 0.77875 0.88875 0.785 0.86 0.79125 0.825 0.8075 0.805 0.805
0 0.035 0.55625 0.035 0.63875 0.0275 0.66375 0.09 0.67875 0.095 0.69625 0.10125 0.69875 0.4725 0.765 0.50875 0.77 0.55125 0.76875 0.7925 0.81375 0.83375 0.81375 0.84875 0.80875 0.8875 0.77875 0.97 0.74 0.97625 0.7275 0.9725 0.605 0.9525 0.59625 0.898125 0.59125 0.8875 0.5825 0.88625 0.5475 0.87875 0.5375 0.865 0.53375 0.66875 0.525 0.57375 0.5125 0.24375 0.49375 0.21625 0.5 0.20625 0.525 0.2075 0.5325 0.0975 0.5425