0 0.08342022940563086 0.37619461337966986 0.08446298227320125 0.5325803649000869 0.12095933263816476 0.5360556038227628 0.14285714285714285 0.5443092962641182 0.14389989572471323 0.5951346655082537 0.1470281543274244 0.5960034752389227 0.15015641293013557 0.5933970460469157 0.15015641293013557 0.5561172893136404 0.16058394160583941 0.5395308427454387 0.16684045881126172 0.5386620330147698 0.2273201251303441 0.5395308427454387 0.32116788321167883 0.5499565595134666 0.7122002085505735 0.5742832319721981 0.7372262773722628 0.578627280625543 0.7372262773722628 0.6490008688097306 0.7382690302398331 0.6542137271937446 0.7434827945776851 0.6550825369244135 0.7476538060479666 0.6516072980017377 0.7476538060479666 0.5840034752389227 0.7570385818561001 0.577758470894874 0.7685088633993743 0.5760208514335361 0.8060479666319083 0.578627280625543 0.8331595411887383 0.5647263249348393 0.8383733055265902 0.5664639443961772 0.8415015641293013 0.5629887054735013 0.848800834202294 0.5629887054735013 0.8738269030239834 0.5499565595134666 0.8967674661105318 0.5430060816681147 0.8988529718456726 0.5386620330147698 0.9113660062565172 0.5360556038227628 0.9165797705943691 0.4882710686359687 0.9176225234619395 0.3788010425716768 0.9124087591240876 0.3631624674196351 0.8988529718456726 0.35708079930495223 0.7820646506777894 0.34491746307558646 0.7747653806047967 0.3501303214596003 0.7705943691345151 0.35968722849695917 0.29509906152241916 0.37098175499565594 0.28362877997914493 0.37532580364900087 0.09801876955161627 0.37011294526498695
1 0.29211053180396246 0.3691850564726325 0.2852471324296142 0.385 0.2852471324296142 0.45294178974804516 0.7588008342022942 0.4643840139009557 0.7708112617309697 0.3549626411815812
6 0.286963503649635 0.3691850564726325 0.09651199165797707 0.3692658557775847 0.08192805005213764 0.37284187662901824 0.08106986444212722 0.5316107732406603 0.09050677789363921 0.536616854908775 0.10852241918665276 0.536616854908775 0.11023879040667361 0.4758271068635969 0.1334014598540146 0.465099913119027 0.286963503649635 0.4550868809730669
7 0.286963503649635 0.4528140747176368 0.12996976016684048 0.46652997393570805 0.10766527632950991 0.47368201563857515 0.11109593326381648 0.497997393570808 0.763948905109489 0.5287497827975673 0.7622325338894682 0.49013032145960034 0.763948905109489 0.4658149435273675
2 0.11066736183524505 0.49784535186794093 0.10938060479666319 0.5380469157254562 0.7673795620437956 0.5788123370981755 0.763948905109489 0.5280347523892268
4 0.1428383733055266 0.540732406602954 0.1428383733055266 0.5966915725456126 0.15227528675703858 0.5966915725456126 0.15227528675703858 0.5394778453518679
4 0.31012617309697604 0.5493092962641182 0.31956308654848803 0.5516359687228497 0.31956308654848803 0.5659391833188532 0.31098435870698643 0.5673692441355344
4 0.7360667361835246 0.5771859252823631 0.7476485922836288 0.5780973066898349 0.7502221063607925 0.6531902693310165 0.735638164754953 0.655336229365769
4 0.8377267987486966 0.6029183318853171 0.8483044838373306 0.6074187662901824 0.8483044838373306 0.5630781928757602 0.8380093847758081 0.5659391833188532
0 0.8383733055265902 0.5682015638575152 0.8373305526590198 0.6029539530842746 0.8415015641293013 0.6055603822762815 0.8467153284671532 0.5960034752389227 0.8467153284671532 0.5690703735881842
3 0.7839624608967675 0.340236316246742 0.7745255474452555 0.3513866203301477 0.7590844629822732 0.4679600347523892 0.7607997914494264 0.5237437011294526 0.7676631908237748 0.5773822762814944 0.8062679874869656 0.582388357949609 0.9229405630865485 0.536616854908775 0.9203670490093847 0.36998175499565594 0.9032095933263816 0.35210165073848826
0 0.2881970802919708 0.36873761946133793 0.09056517205422315 0.36819461337966986 0.08249947862356621 0.37491920069504775 0.0802992700729927 0.5344778453518679 0.14116475495307612 0.5399800173761946 0.14189885297184565 0.5986672458731538 0.15143169968717415 0.5974448305821025 0.15069864442127218 0.5399800173761946 0.309830031282586 0.549761077324066 0.309830031282586 0.5687124239791486 0.31276329509906153 0.5693240660295396 0.3186298227320125 0.549761077324066 0.7366256517205422 0.5791051259774109 0.7366256517205422 0.6567445699391833 0.7483587069864442 0.6542988705473501 0.7498248175182481 0.5766594265855778 0.7982241918665276 0.5815499565595135 0.8378237747653806 0.5699348392701998 0.8385578727841502 0.6035586446568202 0.8473576642335766 0.6066151172893137 0.8473576642335766 0.5632102519548219 0.9170229405630865 0.5369226759339705 0.919956204379562 0.3663605560382276 0.9104233576642335 0.3584135534317984 0.889890510948905 0.3516889661164205 0.7806246089676747 0.3406846220677672 0.7696246089676747 0.35902432667245876