5 0.12095933263816476 0.38922675933970463 0.1251303441084463 0.4291920069504778 0.1334723670490094 0.45612510860121636 0.1386861313868613 0.4613379669852302 0.2127215849843587 0.4483058210251955 0.2659019812304484 0.4448305821025195 0.26798748696558916 0.4422241529105126 0.26068821689259647 0.3970460469157255 0.25547445255474455 0.3822762814943527 0.2492179353493222 0.37706342311033886
5 0.721584984358707 0.46741963509991313 0.721584984358707 0.49695916594265854 0.7288842544316997 0.5013032145960035 0.7580813347236705 0.49782797567332754 0.7601668404588112 0.4630755864465682 0.7664233576642335 0.4526498696785404 0.7851929092805006 0.4465682015638575 0.8415015641293013 0.43788010425716767 0.8467153284671532 0.42311033883579496 0.8467153284671532 0.40486533449174633 0.8373305526590198 0.40312771503040834 0.7434827945776851 0.41963509991311904 0.7320125130344108 0.43788010425716767
1 0.26277372262773724 0.3779322328410078 0.26277372262773724 0.40139009556907035 0.2711157455683003 0.4413553431798436 0.27528675703858185 0.4448305821025195 0.3983315954118874 0.45525629887054736 0.48905109489051096 0.45612510860121636 0.5985401459854015 0.46741963509991313 0.7090719499478624 0.47176368375325806 0.7184567257559958 0.46915725456125107 0.7288842544316997 0.4370112945264987 0.7382690302398331 0.42137271937445697 0.7466110531803962 0.4161598609904431 0.8435870698644421 0.40139009556907035 0.8508863399374348 0.40573414422241527 0.8477580813347236 0.4274543874891399 0.8508863399374348 0.4326672458731538 0.8592283628779979 0.43440486533449174 0.886339937434828 0.4291920069504778 0.8905109489051095 0.4144222415291051 0.886339937434828 0.40225890529973934 0.8967674661105318 0.3796698523023458 0.8821689259645464 0.37011294526498695 0.8790406673618353 0.3631624674196351 0.8540145985401459 0.36055603822762816 0.3034410844629823 0.34144222415291053 0.2794577685088634 0.3423110338835795 0.2711157455683003 0.3475238922675934
6 0.08029197080291971 0.4257167680278019 0.08237747653806048 0.5395308427454387 0.08654848800834203 0.5464813205907906 0.1032325338894682 0.5473501303214596 0.10636079249217935 0.5464813205907906 0.1032325338894682 0.48045178105994785 0.1105318039624609 0.46828844483058213 0.13138686131386862 0.4630755864465682 0.1334723670490094 0.4596003475238923 0.11991657977059438 0.4144222415291051 0.08654848800834203 0.41963509991311904
3 0.7601668404588112 0.5047784535186794 0.762252346193952 0.5525629887054735 0.7559958289885297 0.5977410947002606 0.7591240875912408 0.6012163336229366 0.794577685088634 0.6020851433536055 0.9103232533889468 0.5716768027801912 0.9144942648592284 0.5673327541268463 0.9165797705943691 0.5447437011294527 0.9176225234619395 0.4370112945264987 0.8884254431699687 0.4326672458731538 0.7716371220020855 0.45178105994787143 0.7632950990615224 0.4596003475238923
7 0.10531803962460896 0.473501303214596 0.10427528675703858 0.5082536924413553 0.10740354535974973 0.5152041702867072 0.11783107403545359 0.5204170286707211 0.7142857142857143 0.5673327541268463 0.7559958289885297 0.5664639443961772 0.7570385818561001 0.5073848827106864 0.748696558915537 0.5030408340573415 0.7403545359749739 0.5056472632493484 0.721584984358707 0.49956559513466553 0.7174139728884255 0.4943527367506516 0.7163712200208551 0.473501303214596 0.4786235662148071 0.45612510860121636 0.37643378519290926 0.45525629887054736 0.34306569343065696 0.45091225021720244 0.3305526590198123 0.45091225021720244 0.3284671532846715 0.45351867940920937 0.32012513034410844 0.44917463075586445 0.28779979144942647 0.4474370112945265 0.21689259645464026 0.44917463075586445 0.16371220020855057 0.4587315377932233 0.14285714285714285 0.46655082536924414 0.13451511991657977 0.4630755864465682 0.12200208550573514 0.46481320590790615
2 0.10948905109489052 0.522154648132059 0.11261730969760167 0.5473501303214596 0.7184567257559958 0.5977410947002606 0.7528675703858185 0.5994787141615986 0.7570385818561001 0.5951346655082537 0.7549530761209593 0.5690703735881842 0.14077163712200208 0.5204170286707211 0.11261730969760167 0.5195482189400521
4 0.2773722627737226 0.5603822762814944 0.27528675703858185 0.5725456125108601 0.2857142857142857 0.5742832319721981 0.2867570385818561 0.5621198957428323
4 0.5265901981230449 0.582971329278888 0.5276329509906152 0.5968722849695917 0.5380604796663191 0.5968722849695917 0.5380604796663191 0.5821025195482189
4 0.835245046923879 0.5942658557775847 0.835245046923879 0.6203301476976543 0.8446298227320125 0.6220677671589921 0.8456725755995829 0.5916594265855778
4 0.1480709071949948 0.5516941789748045 0.1470281543274244 0.5960034752389227 0.15641293013555788 0.5977410947002606 0.15954118873826903 0.5951346655082537 0.16058394160583941 0.5534317984361424 0.15849843587069865 0.5508253692441355
4 0.7299270072992701 0.5994787141615986 0.7299270072992701 0.6498696785403997 0.7413972888425443 0.6516072980017377 0.7413972888425443 0.6020851433536055
0 0.08133472367049009 0.42397914856646396 0.08342022940563086 0.5430060816681147 0.09071949947862357 0.5473501303214596 0.132429614181439 0.5482189400521286 0.1470281543274244 0.5573414422241529 0.1470281543274244 0.5951346655082537 0.15015641293013557 0.5977410947002606 0.15849843587069865 0.5951346655082537 0.15849843587069865 0.5664639443961772 0.1678832116788321 0.5516941789748045 0.2732012513034411 0.5595134665508253 0.2773722627737226 0.5742832319721981 0.28362877997914493 0.5742832319721981 0.2930135557872784 0.5621198957428323 0.29927007299270075 0.5612510860121633 0.5203336809176226 0.580364900086881 0.5318039624608968 0.5986099044309297 0.5474452554744526 0.5838401390095569 0.5537017726798749 0.582971329278888 0.6976016684045881 0.5951346655082537 0.7267987486965589 0.6003475238922676 0.7299270072992701 0.6490008688097306 0.7403545359749739 0.6516072980017377 0.7424400417101147 0.6090356211989574 0.835245046923879 0.6112076455256299 0.835245046923879 0.6203301476976543 0.8425443169968717 0.6220677671589921 0.8467153284671532 0.6194613379669852 0.8467153284671532 0.5977410947002606 0.8519290928050052 0.5881841876629018 0.9030239833159541 0.575152041702867 0.9124087591240876 0.5708079930495221 0.9155370177267987 0.5621198957428323 0.9186652763295099 0.43961772371850566 0.9144942648592284 0.43440486533449174 0.8894681960375391 0.4283231972198089 0.8988529718456726 0.37619461337966986 0.8884254431699687 0.365768896611642 0.872784150156413 0.36055603822762816 0.2857142857142857 0.34144222415291053 0.2721584984358707 0.34491746307558646 0.26277372262773724 0.37098175499565594 0.2533889468196038 0.3796698523023458 0.24504692387904067 0.37706342311033886 0.12200208550573514 0.39009556907037357 0.12408759124087591 0.40834057341442226 0.11678832116788321 0.4152910512597741 0.08967674661105318 0.41963509991311904