1 0.26794056308654846 0.36039704604691575 0.25783628779979145 0.3651146828844483 0.25588008342022944 0.3912015638575152 0.261747653806048 0.3955490877497828 0.2800010427528676 0.45207037358818414 0.40451824817518245 0.45696177237185054 0.5981397288842544 0.45859165942658564 0.6887570385818561 0.462396177237185 0.7037518248175183 0.38957080799304955 0.7148342022940563 0.37761424847958297 0.7793743482794577 0.3819617723718505 0.7956725755995828 0.3759843614248479 0.8641251303441084 0.3819617723718505 0.8654285714285714 0.34935360556038225 0.8530417101147029 0.3379409209383145
5 0.2532721584984359 0.3905430060816681 0.11636809176225234 0.39174456993918333 0.10528571428571427 0.39989661164205037 0.1228873826903024 0.46076542137271936 0.13397080291970803 0.4629400521285839 0.2832606882168926 0.4515264986967854 0.26305109489051093 0.393375325803649
6 0.11538998957247133 0.3889131190269331 0.08116475495307612 0.393375325803649 0.07986027111574556 0.40859252823631625 0.08181647549530761 0.5281563857515205 0.09746298227320126 0.5287002606429192 0.09420333680917622 0.5069609035621199 0.10528571428571427 0.5085916594265856 0.10267778936392076 0.4705482189400521 0.1228873826903024 0.462396177237185 0.10724191866527633 0.4020703735881842
3 0.9162784150156413 0.3905430060816681 0.868036496350365 0.3819635099913119 0.8393514077163712 0.3787028670721112 0.7917612095933264 0.3765291051259774 0.7741595411887382 0.3857680278019114 0.7643806047966633 0.40859426585577757 0.7559051094890511 0.46076802780191145 0.7559051094890511 0.5058757602085143 0.7552533889468196 0.5520712423979148 0.7604692387904066 0.5830495221546481 0.8034963503649635 0.5868531711555169 0.9208425443169969 0.5455490877497828
4 0.7275464025026068 0.5795682015638575 0.7259165797705943 0.6596785403996525 0.739606882168926 0.6585916594265856 0.738303441084463 0.5890278019113814 0.800235662148071 0.5944622067767159 0.8452189781021898 0.5781581233709818 0.8452189781021898 0.61076629018245 0.8569530761209593 0.6069617723718506 0.8569530761209593 0.5776142484795829 0.9149749739311783 0.5537019982623805 0.9123670490093848 0.5493536055603823 0.800235662148071 0.5884839270199826
7 0.2816308654848801 0.4508357949609036 0.14929092805005212 0.45749695916594263 0.1290813347236705 0.462388357949609 0.11538998957247133 0.46184448305821024 0.10430761209593327 0.4689096437880105 0.10495933263816476 0.5031485664639445 0.11278310740354537 0.506409209383145 0.6662659019812304 0.541735013032146 0.732762252346194 0.5422788879235447 0.747104275286757 0.5401051259774109 0.7503639207507821 0.49717028670721114 0.732762252346194 0.47814856646394444 0.7079885297184567 0.48086620330147695 0.6877789363920751 0.4732580364900087 0.6864754953076121 0.4629313640312771 0.6004212721584984 0.4564100781928757 0.40288842544317 0.455866203301477
2 0.09583315954118873 0.5070538662033015 0.09452867570385819 0.5286915725456125 0.7607945776850886 0.584125977410947 0.7581866527632951 0.5526046915725457 0.7503639207507821 0.5444526498696786
4 0.08605422314911365 0.5274231103388357 0.08670594369134514 0.5341268462206776 0.11669447340980188 0.5352137271937445 0.11799791449426486 0.5868436142484795 0.12777685088633994 0.582496090356212 0.12582168925964546 0.5303223284100782
4 0.3031449426485923 0.5453475238922676 0.3031449426485923 0.5618436142484796 0.3116193952033368 0.5623874891398783 0.3122711157455683 0.5449965247610774
4 0.48209697601668405 0.5591989574283233 0.49481021897810223 0.5618436142484796 0.4987215849843587 0.5901042571676803 0.4817716371220021 0.5917350130321459
5 0.7725297184567258 0.3807654213727194 0.7132043795620437 0.37869331016507385 0.7034254431699688 0.3906498696785404 0.6897351407716371 0.45695308427454384 0.6916913451511991 0.47217028670721106 0.7047299270072993 0.4841268462206777 0.7503639207507821 0.46456211989574286
0 0.08237747653806048 0.3987836663770634 0.08133472367049009 0.523892267593397 0.08759124087591241 0.5308427454387489 0.09801876955161627 0.5325803649000869 0.11783107403545359 0.5438748913987836 0.11887382690302398 0.582971329278888 0.12408759124087591 0.577758470894874 0.12304483837330553 0.5396550825369244 0.13451511991657977 0.5308427454387489 0.2940563086548488 0.5447437011294527 0.3044838373305527 0.5473501303214596 0.30656934306569344 0.5569070373588184 0.3169968717413973 0.5464813205907906 0.3232533889468196 0.5464813205907906 0.47758081334723673 0.5595134665508253 0.48383733055265904 0.569359687228497 0.48383733055265904 0.5890529973935708 0.4880083420229406 0.5916594265855778 0.4942648592283629 0.5899218071242398 0.49530761209593327 0.5699391833188532 0.5033023983315954 0.5621198957428323 0.7236704900938478 0.579496090356212 0.7267987486965589 0.5838401390095569 0.7267987486965589 0.6550825369244135 0.7309697601668405 0.6585577758470895 0.7372262773722628 0.6533449174630755 0.7372262773722628 0.5977410947002606 0.8467153284671532 0.5947871416159861 0.8467153284671532 0.6038227628149435 0.8519290928050052 0.6055603822762815 0.8540145985401459 0.582971329278888 0.8665276329509907 0.5690703735881842 0.9051094890510949 0.5551694178974804 0.9165797705943691 0.5447437011294527 0.9176225234619395 0.3961772371850565 0.9103232533889468 0.38922675933970463 0.8665276329509907 0.3831450912250217 0.8613138686131386 0.3796698523023458 0.8633993743482794 0.3483927019982624 0.8529718456725756 0.34057341442224154 0.6527632950990615 0.34404865334491747 0.26903023983315955 0.36142484795829716 0.2586027111574557 0.365768896611642 0.25651720542231493 0.3848827106863597 0.24713242961418144 0.39270199826238056 0.09593326381647549 0.39096437880104257 0.08759124087591241 0.39270199826238056