1 0.26998123044838374 0.35870460469157256 0.25854118873826903 0.3664422241529105 0.25549009384775806 0.3899661164205039 0.26159228362877995 0.3969600347523892 0.279895724713243 0.4541807124239791 0.6886809176225235 0.4630816681146828 0.7039332638164755 0.3893310165073849 0.7176611053180396 0.37725108601216334 0.7840125130344109 0.3817011294526499 0.8007914494264858 0.37852215464813205 0.8640917622523462 0.3810651607298002 0.8663795620437955 0.3480043440486533 0.8480761209593326 0.3384674196350999
6 0.11668717413972889 0.38825282363162467 0.08694264859228362 0.391874022589053 0.08084150156412931 0.40204604691572543 0.08084150156412931 0.5266611642050391 0.09685714285714285 0.5266611642050391 0.09685714285714285 0.5101303214596004 0.10677267987486966 0.5044083405734144 0.10219603753910324 0.4719826238053866 0.1220250260688217 0.46498957428323195 0.10906047966631909 0.39823197219808865
3 0.9174775808133472 0.3901589921807124 0.8610417101147029 0.3810651607298002 0.7893514077163712 0.37597914856646397 0.7702846715328467 0.3912380538662033 0.761895724713243 0.414125977410947 0.7519812304483837 0.47643353605560385 0.7542690302398332 0.5431911381407472 0.7588446298227319 0.5527280625543006 0.7649468196037539 0.5845178105994787 0.8030792492179354 0.5870608166811468 0.9190031282586026 0.5463701129452649
5 0.7767674661105317 0.37967419635099914 0.7130855057351408 0.37661511728931363 0.7031710114702816 0.3899661164205039 0.6955443169968718 0.4255708079930495 0.6886809176225235 0.45799565595134667 0.6978321167883211 0.4770695047784535 0.7092721584984358 0.47961251086012163 0.7535067778936393 0.46498957428323195 0.761895724713243 0.4153979148566464
2 0.10524713242961418 0.5045377932232841 0.09762043795620437 0.5094943527367507 0.09609489051094891 0.5279322328410078 0.7664713242961418 0.5832458731537794 0.7596079249217936 0.5508210251954822 0.740541188738269 0.5457341442224153
5 0.11998331595411886 0.39039270199826237 0.10609384775808134 0.39765334491746307 0.11747236704900939 0.44424761077324065 0.12416684045881125 0.46210338835794956 0.15194473409801879 0.4579183318853171 0.2814661105318039 0.45317549956559516 0.26205422314911364 0.39597914856646393 0.2526830031282586 0.3923518679409209 0.12349739311783108 0.3906785403996525
4 0.08534306569343066 0.526750651607298 0.08567778936392076 0.5324126846220678 0.09337539103232534 0.5343657688966116 0.11747236704900939 0.5352024326672459 0.11747236704900939 0.5845864465682016 0.12383211678832116 0.585981754995656 0.12650886339937434 0.5831920069504779 0.12483524504692388 0.5307384882710686
4 0.3042241918665276 0.5459913119026933 0.3119217935349322 0.5460842745438749 0.3115870698644421 0.5600338835794961 0.3089092805005214 0.5619869678540399 0.3048936392075078 0.5594761077324066
4 0.4829436913451512 0.5602128583840139 0.48210636079249214 0.592642919200695 0.4988404588112617 0.5923640312771503 0.4968321167883212 0.5599991311902693
4 0.7260886339937435 0.5813292788879235 0.7267580813347236 0.6594509122502172 0.7381366006256518 0.659729800173762 0.7378018769551616 0.5896993918331885 0.8010573514077164 0.5958375325803649 0.8469082377476538 0.5788184187662903 0.8452346193952034 0.6075560382276282 0.8539363920750782 0.6083927019982623 0.8552752867570386 0.602254561251086 0.8559447340980187 0.5763075586446569 0.9128404588112617 0.5531503040834058 0.9131741397288843 0.5478488271068636 0.8030646506777894 0.5885838401390096
7 0.6885974973931178 0.45675325803649 0.5986913451511992 0.45983666377063426 0.3992992700729927 0.45468288444830585 0.2818279457768509 0.45167593397046046 0.1659019812304484 0.45554213727193743 0.13086757038581856 0.46069591659426584 0.11798644421272159 0.4624144222415291 0.10201459854014598 0.4705751520417028 0.1014994786235662 0.5062250217202432 0.7280125130344108 0.5440217202432667 0.7455297184567257 0.5375794960903563 0.7501668404588112 0.5332841007819287 0.7496517205422315 0.4997819287576021 0.7439843587069864 0.48646655082536927 0.7290427528675705 0.47572893136403127 0.7141011470281543 0.4787358818418766 0.6970990615224192 0.4787358818418766 0.6888550573514077 0.46627975673327543
0 0.08237747653806048 0.3987836663770634 0.08133472367049009 0.5230234578627281 0.08654848800834203 0.5299739357080799 0.11887382690302398 0.5403996524761078 0.11991657977059438 0.5821025195482189 0.12095933263816476 0.5351867940920938 0.1329509906152242 0.5308427454387489 0.28154327424400416 0.5430060816681147 0.3086548488008342 0.5490877497827976 0.32533889468196037 0.5464813205907906 0.4786235662148071 0.5595134665508253 0.48383733055265904 0.5655951346655083 0.48383733055265904 0.5881841876629018 0.49009384775808135 0.5907906168549087 0.4942648592283629 0.5881841876629018 0.4942648592283629 0.5699391833188532 0.5057351407716372 0.5612510860121633 0.7236704900938478 0.579496090356212 0.7267987486965589 0.5821025195482189 0.7267987486965589 0.6542137271937446 0.7330552659019812 0.6576889661164205 0.7372262773722628 0.6516072980017377 0.7361835245046924 0.5968722849695917 0.8477580813347236 0.5977410947002606 0.8508863399374348 0.6046915725456126 0.8529718456725756 0.58123370981755 0.8602711157455682 0.5708079930495221 0.9040667361835245 0.5551694178974804 0.9165797705943691 0.5438748913987836 0.9176225234619395 0.3970460469157255 0.9124087591240876 0.39009556907037357 0.8665276329509907 0.3831450912250217 0.8613138686131386 0.3796698523023458 0.8633993743482794 0.3492615117289314 0.8519290928050052 0.34057341442224154 0.6329509906152242 0.34491746307558646 0.6183524504692388 0.3483927019982624 0.44525547445255476 0.3518679409209383 0.41501564129301355 0.35621198957428324 0.27007299270072993 0.36142484795829716 0.2596454640250261 0.3649000868809731 0.25651720542231493 0.38184187662901825 0.2469009384775808 0.39270199826238056 0.09593326381647549 0.39096437880104257 0.08759124087591241 0.39270199826238056