1 0.612 0.1168 0.612 0.216 0.6176 0.224 0.6456 0.2384 0.668 0.2448 0.7064 0.2368 0.7096 0.192 0.7208 0.184 0.744 0.2 0.7816 0.2128 0.8136 0.208 0.8256 0.2 0.824 0.1264 0.8176 0.1168
1 0.164 0.1408 0.1616 0.4384 0.1688 0.4544 0.5784 0.456 0.588 0.4368 0.5936 0.4048 0.6 0.3168 0.5992 0.2368 0.6072 0.2128 0.608 0.1952 0.6072 0.1248 0.6024 0.1184 0.5576 0.1136 0.1728 0.1152 0.1664 0.12
5 0.6016 0.2336 0.6024 0.3088 0.5992 0.3696 0.5832 0.4672 0.6088 0.4752 0.7152 0.4848 0.7176 0.472 0.7144 0.448 0.7144 0.4064 0.724 0.3088 0.7336 0.2576 0.7336 0.2368 0.6672 0.2496 0.6104 0.2224 0.604 0.2224
5 0.712 0.1936 0.7112 0.2336 0.7290664 0.2336 0.736 0.248 0.7184 0.3904 0.7168 0.448 0.7192 0.4608 0.7288 0.4704 0.8248 0.4832 0.8272 0.4784 0.8264 0.4592 0.8424 0.2576 0.852 0.224 0.852 0.2064 0.8392 0.2016 0.8008 0.2144 0.7688 0.2128 0.7216 0.1872 0.7152 0.1872
6 0.0704 0.2816 0.0704 0.3024 0.0805336 0.304 0.0872 0.3174 0.0872 0.5088 0.1056 0.5088 0.1584 0.4592 0.16 0.2512 0.1352 0.248
3 0.8376 0.3472 0.8368 0.4592 0.8448 0.4608 0.8448 0.4688 0.8584 0.4848 0.8632 0.4832 0.8648 0.4704 0.8704 0.4704 0.8728 0.4976 0.8808 0.5056 0.904 0.5056 0.9024 0.3264 0.908 0.3056 0.9216 0.3008 0.9208 0.2784 0.8704 0.2576 0.848 0.2576 0.844 0.2784 0.8464 0.296
7 0.1072 0.5248 0.1064 0.592 0.1096 0.6016 0.1184 0.6048 0.8072 0.6064 0.8624 0.6048 0.8792 0.5952 0.8776 0.5088 0.8312 0.4672 0.6104 0.4816 0.584 0.472 0.5776 0.4576 0.1712 0.4576 0.1128 0.5024
2 0.1064 0.6256 0.1064 0.6928 0.1072 0.6992 0.1128 0.7024 0.8744 0.7024 0.8816 0.6912 0.8832 0.672 0.8824 0.6128 0.876 0.608 0.6624 0.6112 0.1112 0.6048
4 0.0712 0.5344 0.0688 0.5472 0.0712 0.9088 0.0744 0.9152 0.104 0.9168 0.1104 0.904 0.1112 0.8848 0.1096 0.7136 0.1056 0.678 0.104 0.5456 0.1016 0.536
4 0.1424 0.704 0.1432 0.784 0.1736 0.7856 0.176 0.7776 0.1752 0.7072
4 0.8768 0.7888 0.876 0.88 0.8792 0.9136 0.9128 0.9152 0.9152 0.9104 0.9176 0.7856 0.9184 0.688 0.9144 0.6064 0.9168 0.552 0.9144 0.52 0.9024 0.5104 0.8848 0.512 0.8832 0.6768 0.8784 0.7104
4 0.8176 0.7088 0.8176 0.7792 0.8232 0.7872 0.8488 0.7856 0.8504 0.7072
0 0.0704 0.2928 0.0872 0.3264 0.0872 0.4992 0.0856 0.512 0.0712 0.5232 0.0688 0.5824 0.0704 0.8544 0.0736 0.9136 0.1024 0.9168 0.1096 0.9072 0.1104 0.7728 0.1432 0.7616 0.1432 0.7792 0.1464 0.7856 0.1736 0.7856 0.1752 0.728 0.1808 0.7024 0.2056 0.7008 0.8112 0.7024 0.82 0.7216 0.8176 0.7744 0.8232 0.784 0.848 0.7856 0.8496 0.7608 0.876 0.7648 0.8752 0.8832 0.8776 0.9104 0.8896 0.9168 0.9144 0.9136 0.9192 0.6256 0.916 0.5856 0.9208 0.5456 0.9176 0.5408 0.9168 0.5232 0.9048 0.504 0.9072 0.4976 0.9008 0.4592 0.908 0.4144 0.9056 0.3888 0.908 0.3856 0.9056 0.384 0.9056 0.3488 0.9 0.3408 0.908 0.3024 0.9208 0.296 0.9184 0.2832 0.9048 0.272 0.8448 0.2544 0.8512 0.2064 0.8472 0.2016 0.8325336 0.208 0.8256 0.1904 0.8256 0.1424 0.8208 0.1184 0.696 0.112 0.1712 0.1152 0.1656 0.1184 0.164 0.1264 0.1616 0.2352 0.1496 0.2496 0.1384 0.248 0.0744 0.2752