5 0.2140625 0.4148278905560459 0.2640625 0.41262135922330095 0.3109375 0.40379523389232125 0.3375 0.39276257722859664 0.3578125 0.5516328331862312 0.3328125 0.5670785525154457 0.28125 0.5670785525154457 0.275 0.529567519858782 0.221875 0.5119152691968226
5 0.403125 0.39276257722859664 0.45 0.3971756398940865 0.4921875 0.3993821712268314 0.5125 0.3883495145631068 0.5390625 0.5428067078552515 0.5046875 0.5406001765225066 0.428125 0.556045895851721
5 0.5734375 0.39276257722859664 0.615625 0.39276257722859664 0.6609375 0.38393645189761694 0.6890625 0.5163283318623124 0.6421875 0.5229479258605472 0.5984375 0.5361871138570168
7 0.2828125 0.5692850838481907 0.371875 0.5648720211827007 0.425 0.5472197705207414 0.434375 0.5538393645189762 0.5421875 0.5383936451897617 0.553125 0.5317740511915269 0.5921875 0.5229479258605472 0.6015625 0.5339805825242718 0.6921875 0.5185348631950574 0.803125 0.5450132391879965 0.8125 0.5648720211827007 0.8125 0.6112091791703442 0.2828125 0.7215357458075905 0.2828125 0.6443071491615181
1 0.215625 0.5119152691968226 0.1390625 0.49867608120035306 0.1296875 0.4942630185348632 0.134375 0.4567519858781995 0.140625 0.4435127978817299 0.1390625 0.37290379523389233 0.15 0.3684907325684025 0.665625 0.353045013239188 0.6859375 0.4479258605472198 0.675 0.45233892321270963 0.6625 0.3773168578993822 0.625 0.3883495145631068 0.5671875 0.39055604589585174 0.5953125 0.5229479258605472 0.54375 0.5383936451897617 0.5125 0.38172992056487204 0.4859375 0.39276257722859664 0.3984375 0.39276257722859664 0.421875 0.5450132391879965 0.365625 0.5626654898499559 0.3484375 0.4854368932038835 0.334375 0.3883495145631068 0.29375 0.40379523389232125 0.20625 0.4082082965578111
3 0.6890625 0.4479258605472198 0.8375 0.4677846425419241 0.8453125 0.49205648720211825 0.840625 0.6729920564872022 0.8109375 0.6663724624889673 0.7796875 0.6619593998234775 0.8140625 0.6376875551632833 0.8140625 0.5648720211827007 0.8046875 0.5538393645189762 0.8046875 0.4854368932038835 0.759375 0.48102383053839365 0.76875 0.5339805825242718 0.7453125 0.5251544571932921 0.7328125 0.4655781112091792 0.6921875 0.46999117387466904 0.6921875 0.5119152691968226 0.678125 0.46999117387466904
6 0.128125 0.49867608120035306 0.265625 0.5273609885260371 0.278125 0.5406001765225066 0.2765625 0.8053839364518977 0.259375 0.8186231244483672 0.2234375 0.8230361871138571 0.0859375 0.7524271844660194 0.0828125 0.7193292144748455 0.0828125 0.5141218005295676 0.09375 0.500882612533098
2 0.2796875 0.7215357458075905 0.8140625 0.6134157105030892 0.8109375 0.6443071491615181 0.275 0.7612533097969991
4 0.7421875 0.6663724624889673 0.765625 0.6619593998234775 0.8109375 0.6729920564872022 0.828125 0.6729920564872022 0.8234375 0.6818181818181818 0.7734375 0.677405119152692
4 0.0921875 0.7634598411297441 0.209375 0.8186231244483672 0.2515625 0.8164165931156222 0.246875 0.8274492497793469 0.203125 0.8296557811120918 0.09375 0.7789055604589585
0 0.644375 0.353927625772286 0.659375 0.3556928508384819 0.66625 0.36363636363636365 0.6725 0.3954104148278906 0.671875 0.4077669902912621 0.67625 0.43424536628420124 0.675 0.43954104148278905 0.671875 0.4351279788172992 0.66625 0.4024713150926743 0.661875 0.3901147396293027 0.65875 0.38746690203000883 0.63375 0.3909973521624007 0.61375 0.3909973521624007 0.605625 0.3883495145631068 0.57375 0.38923212709620475 0.57 0.39276257722859664 0.57 0.41041482789055606 0.57375 0.4315975286849073 0.594375 0.527802294792586 0.601875 0.5348631950573698 0.61625 0.529567519858782 0.654375 0.5233892321270962 0.690625 0.5233892321270962 0.7125 0.5286849073256841 0.743125 0.531332744924978 0.745 0.5286849073256841 0.743125 0.5101500441306267 0.739375 0.4942630185348632 0.73875 0.4801412180052957 0.735625 0.47572815533980584 0.710625 0.471315092674316 0.693125 0.471315092674316 0.69 0.47749338040600176 0.690625 0.5048543689320388 0.68875 0.5083848190644307 0.684375 0.4836716681376876 0.678125 0.4730803177405119 0.678125 0.4624889673433363 0.68125 0.45454545454545453 0.813125 0.46601941747572817 0.8325 0.470432480141218 0.839375 0.47749338040600176 0.8425 0.4880847308031774 0.8425 0.6540158870255958 0.839375 0.6646072374227714 0.825 0.675198587819947 0.8025 0.6796116504854369 0.776875 0.6716681376875552 0.76875 0.6646072374227714 0.758125 0.6646072374227714 0.75875 0.6610767872903796 0.75625 0.6584289496910856 0.724375 0.6619593998234775 0.281875 0.7590467784642542 0.279375 0.7625772285966461 0.2775 0.7925860547219771 0.27125 0.8040600176522507 0.258125 0.8137687555163283 0.219375 0.822594880847308 0.21 0.8208296557811121 0.194375 0.8084730803177406 0.145 0.7802294792586054 0.105625 0.76522506619594 0.09 0.7511032656663724 0.084375 0.736098852603707 0.08375 0.5172109443954104 0.0875 0.5083848190644307 0.091875 0.5048543689320388 0.13 0.501323918799647 0.133125 0.49867608120035306 0.136875 0.4492497793468667 0.140625 0.4580759046778464 0.141875 0.3857016769638129 0.143125 0.37775816416593117 0.14625 0.37246248896734335 0.165625 0.36716681376875554 0.20625 0.3645189761694616 0.33625 0.3627537511032657 0.349375 0.36540158870255957 0.363125 0.3609885260370697 0.39625 0.3592233009708738 0.469375 0.3574580759046778 0.5225 0.3592233009708738 0.558125 0.35481023830538394 0.64375 0.353927625772286
0 0.0825 0.5189761694616064 0.0825 0.7210944395410415 0.084375 0.7405119152691968 0.0875 0.7484554280670785 0.103125 0.76522506619594 0.12125 0.7696381288614298 0.21625 0.823477493380406 0.255 0.8164165931156222 0.2725 0.8049426301853486 0.2775 0.7961165048543689 0.280625 0.7616946160635482 0.285 0.7599293909973521 0.745625 0.6584289496910856 0.761875 0.6575463371579876 0.766875 0.6654898499558694 0.78625 0.6707855251544572 0.786875 0.6743159752868491 0.80125 0.6804942630185349 0.81 0.6804942630185349 0.821875 0.677846425419241 0.8375 0.6681376875551632 0.841875 0.6610767872903796 0.843125 0.6504854368932039 0.84375 0.499558693733451 0.83875 0.47396293027360986 0.81625 0.46601941747572817 0.6775 0.45454545454545453 0.670625 0.43954104148278905 0.670625 0.4324801412180053 0.674375 0.42806707855251547 0.674375 0.4174757281553398 0.67 0.39982347749338043 0.669375 0.3733451015004413 0.664375 0.3592233009708738 0.655625 0.35481023830538394 0.6125 0.353045013239188 0.23 0.36363636363636365 0.153125 0.36893203883495146 0.144375 0.3733451015004413 0.141875 0.38040600176522504 0.141875 0.43954104148278905 0.13375 0.45719329214474846 0.1325 0.499558693733451 0.091875 0.5039717563989409 0.084375 0.5119152691968226