1 0.32064650677789364 0.3518679409209383 0.8211678832116789 0.3149435273675065 0.8211678832116789 0.34317984361424847 0.5969760166840459 0.33883579496090355 0.5187695516162669 0.341007819287576 0.5344108446298227 0.34317984361424847 0.5265901981230449 0.44960903562119897 0.3023983315954119 0.43874891398783666
5 0.8237747653806048 0.34317984361424847 0.5526590198123045 0.341007819287576 0.5291970802919708 0.48218940052128584 0.5761209593326382 0.4778453518679409 0.5761209593326382 0.369244135534318 0.8185610010427529 0.3735881841876629
3 0.9124087591240876 0.3735881841876629 0.8289885297184567 0.3649000868809731 0.5813347236704901 0.369244135534318 0.59436913451512 0.6277150304083405 0.9150156412930136 0.5712423979148566
5 0.29457768508863397 0.37141615986099047 0.10166840458811262 0.369244135534318 0.10688216892596454 0.4474370112945265 0.29718456725756 0.43874891398783666
7 0.5239833159541188 0.44960903562119897 0.29718456725756 0.43440486533449174 0.09124087591240876 0.45612510860121636 0.0808133472367049 0.4843614248479583 0.5761209593326382 0.5364900086880973 0.5735140771637122 0.48218940052128584 0.5265901981230449 0.4778453518679409
2 0.09124087591240876 0.49304952215464815 0.5787278415015641 0.549522154648132 0.5813347236704901 0.6233709817549956 0.09124087591240876 0.5278019113814074
6 0.09645464025026068 0.3953084274543875 0.07820646506777894 0.39313640312771503 0.08342022940563086 0.5147697654213728 0.09645464025026068 0.5234578627280626
4 0.6021897810218978 0.6320590790616855 0.6204379562043796 0.6320590790616855 0.6178310740354536 0.6863596872284969 0.6047966631908238 0.6841876629018245
4 0.886339937434828 0.5864465682015638 0.8654848800834203 0.5864465682015638 0.8654848800834203 0.6277150304083405 0.883733055265902 0.6277150304083405
4 0.12252346193952034 0.5386620330147698 0.10166840458811262 0.5321459600347523 0.10688216892596454 0.5668983492615117 0.1251303441084463 0.5668983492615117
0 0.08133472367049009 0.3979148566463944 0.08342022940563086 0.5152041702867072 0.08967674661105318 0.526498696785404 0.10740354535974973 0.5317115551694179 0.1105318039624609 0.5621198957428323 0.11574556830031282 0.5603822762814944 0.11678832116788321 0.5343179843614249 0.132429614181439 0.5334491746307559 0.5818561001042752 0.6203301476976543 0.5985401459854015 0.629018245004344 0.5995828988529719 0.68375325803649 0.602711157455683 0.685490877497828 0.6131386861313869 0.6828844483058211 0.6131386861313869 0.635968722849696 0.6152241918665277 0.6264118158123371 0.62148070907195 0.6229365768896612 0.8633993743482794 0.5821025195482189 0.8706986444212722 0.5899218071242398 0.8686131386861314 0.6238053866203301 0.8779979144942649 0.6264118158123371 0.881126173096976 0.5881841876629018 0.8894681960375391 0.576889661164205 0.908237747653806 0.573414422241529 0.9144942648592284 0.5655951346655083 0.9186652763295099 0.5308427454387489 0.9186652763295099 0.4526498696785404 0.9176225234619395 0.4135534317984361 0.9124087591240876 0.38748913987836664 0.9051094890510949 0.3779322328410078 0.8905109489051095 0.3796698523023458 0.8779979144942649 0.36750651607298 0.8362877997914494 0.366637706342311 0.8196037539103233 0.35968722849695917 0.8196037539103233 0.32319721980886185 0.8133472367049009 0.31364031277150306 0.7601668404588112 0.32406602953953084 0.6996871741397289 0.3301476976542137 0.5912408759124088 0.3301476976542137 0.5766423357664233 0.3353605560382276 0.4942648592283629 0.34057341442224154 0.45255474452554745 0.33796698523023455 0.3743482794577685 0.3483927019982624 0.3232533889468196 0.34578627280625546 0.3159541188738269 0.3536055603822763 0.3086548488008342 0.37619461337966986 0.3013555787278415 0.37619461337966986 0.29718456725756 0.37185056472632494 0.21063607924921793 0.37532580364900087 0.1032325338894682 0.368375325803649 0.09801876955161627 0.3944396177237185 0.08446298227320125 0.39270199826238056