1 0.2436694473409802 0.342501303214596 0.25587174139728885 0.3318010425716768 0.27112513034410846 0.3273501303214596 0.8576089676746611 0.3521459600347524 0.8911657977059437 0.3597758470894874 0.900318039624609 0.3667688966116421 0.9018435870698644 0.3852067767158992 0.9010813347236705 0.39601563857515204 0.88277685088634 0.3947437011294527 0.8530333680917622 0.4068236316246742 0.8705745568300313 0.3750347523892268 0.8644734098018769 0.36740486533449174 0.8164254431699687 0.3654978279756733 0.768378519290928 0.35341789748045177 0.6707580813347236 0.4729452649869679 0.34357768508863396 0.4526003475238923 0.3245109489051095 0.42526151172893134 0.3123086548488009 0.3909287576020851 0.304681960375391 0.350238922675934 0.3039197080291971 0.336887054735013
5 0.13842231491136603 0.3463136403127715 0.1323211678832117 0.35468896611642053 0.1498623566214807 0.3763058210251955 0.16816579770594367 0.44751433536055607 0.16587799791449426 0.46722328410078195 0.194859228362878 0.46277324066029546 0.2932419186652763 0.45196437880104257 0.34205213764337855 0.45323631624674193 0.3237486965589156 0.4284404865334492 0.30773305526590194 0.372490877497828 0.3031564129301355 0.33815899218071244 0.2413816475495308 0.344516941789748
5 0.7676152241918666 0.35393918331885316 0.676096976016684 0.4653162467419635 0.676096976016684 0.47485317115551695 0.7462617309697601 0.4939270199826238 0.7706663190823775 0.5085499565595135 0.7950709071949947 0.49964900086880976 0.7965964546402503 0.4417923544743701 0.8034608967674661 0.42653344917463076 0.8476944734098019 0.410002606429192 0.8705745568300313 0.3782137271937446 0.8606600625651721 0.3667688966116421 0.8103242961418143 0.36613379669852303
7 0.1613023983315954 0.467364900086881 0.09571324296141814 0.49011207645525634 0.09800208550573514 0.5358887923544744 0.11096663190823775 0.5403388357949609 0.7668529718456726 0.5956524761077324 0.7973597497393118 0.5880234578627281 0.7973597497393118 0.5447897480451781 0.7965964546402503 0.5034630755864465 0.7737174139728884 0.5085499565595135 0.7485495307612097 0.4983770634231103 0.697451511991658 0.4780321459600348 0.6738081334723671 0.4710382276281494 0.34510323253388947 0.4538722849695917 0.29781856100104276 0.45132927888792357 0.19180813347236703 0.461501303214596
6 0.14643065693430657 0.38062728062554296 0.10791657977059438 0.38774978279756733 0.09342544316996872 0.40237358818418767 0.09189989572471324 0.4208114682884448 0.09418873826903024 0.4951980886185925 0.11554223149113661 0.4824821894005213 0.1643524504692388 0.4684952215464814 0.16816579770594367 0.4506933101650739
3 0.9048936392075079 0.3949244135534318 0.8865901981230448 0.39601563857515204 0.8141376433785193 0.423354474370113 0.7996475495307612 0.4322554300608167 0.7965964546402503 0.4538722849695917 0.7958342022940563 0.591837532580365 0.8187142857142857 0.5892945264986968 0.9193847758081335 0.5384317984361425 0.9163336809176226 0.4144535186794092
2 0.09195203336809177 0.5286576889661164 0.08152450469238791 0.5356264118158123 0.08152450469238791 0.5451094700260644 0.7962836287799792 0.6067497827975673 0.8089238790406674 0.6056959165942658 0.8196673618352451 0.5983205907906168 0.9189624608967675 0.550377932232841 0.9195943691345151 0.5382606429192007 0.8159509906152241 0.5898913987836664 0.773608967674661 0.59305212858384 0.10065380604796663 0.5403683753258037 0.0955985401459854 0.5340460469157254
4 0.09401876955161627 0.5476133796698524 0.0955985401459854 0.6030616854908775 0.11455787278415017 0.6067497827975673 0.11645359749739312 0.6030616854908775 0.11708550573514077 0.5477437011294526
4 0.3774577685088634 0.5713084274543875 0.3793534932221064 0.6030616854908775 0.39136079249217937 0.6030616854908775 0.39957664233576645 0.5988470894874023 0.39831282586027117 0.5714517810599479
4 0.6049676746611053 0.5902641181581234 0.6043357664233576 0.6230816681146829 0.6195026068821688 0.6251894005212858 0.6264546402502607 0.6188670721112077 0.6232940563086549 0.5919982623805387
4 0.7983514077163713 0.6075516941789748 0.7990385818561001 0.6701007819287575 0.8182752867570385 0.6716281494352737 0.824230448383733 0.6697193744569939 0.8228561001042753 0.5964066029539531 0.8091147028154327 0.6074795829713292
4 0.896599582898853 0.5600382276281495 0.8970573514077164 0.6151164205039097 0.915378519290928 0.6154986967854039 0.9195005213764338 0.6124439617723718 0.918584984358707 0.5490582102519548
0 0.2386976016684046 0.34215899218071244 0.265096976016684 0.3244708948740226 0.8730239833159541 0.35259252823631626 0.8950239833159541 0.3599278887923545 0.900890510948905 0.3690981754995656 0.903089676746611 0.3880495221546481 0.902356621480709 0.39538575152041705 0.914089676746611 0.401498696785404 0.9221564129301355 0.6142432667245873 0.9126235662148071 0.6136316246741963 0.8979572471324295 0.6148540399652476 0.8979572471324295 0.5598340573414422 0.8216913451511991 0.6001824500434404 0.8238905109489051 0.6686516072980018 0.8165578727841502 0.6692632493483927 0.7982241918665276 0.6692632493483927 0.7982241918665276 0.6093527367506516 0.6229603753910323 0.5916238053866203 0.6258936392075077 0.6203562119895742 0.6170928050052138 0.6240243266724587 0.6060938477580814 0.6185221546481321 0.6046266944734098 0.5922354474370113 0.39636287799791453 0.5751172893136404 0.39782898852971843 0.5983483927019982 0.3934285714285714 0.6044613379669852 0.3809624608967675 0.6007940920938315 0.37729614181439 0.5720608166811468 0.1191657977059437 0.5500529973935708 0.11769864442127216 0.6075186794092094 0.0912992700729927 0.6014048653344918 0.09349947862356621 0.5469965247610773 0.07956621480709072 0.5457732406602953 0.07956621480709072 0.535992180712424 0.09349947862356621 0.5317132927888792 0.0942325338894682 0.41005734144222417 0.0942325338894682 0.39416246741963507 0.10669864442127215 0.3856038227628149 0.15069864442127218 0.3807132927888793 0.13823149113660063 0.3629852302345786 0.13529822732012514 0.3556490008688097 0.13969864442127217 0.3452562988705473