1 0.7950375391032326 0.48490443092962643 0.8475651720542232 0.4964456993918332 0.8459363920750782 0.47573935708079934
7 0.23977685088633993 0.43592615117289313 0.09526173096976016 0.4605638575152042 0.08700417101147027 0.4664639443961772 0.08877372262773722 0.5013770634231104 0.7393847758081336 0.5874300608166811 0.7559009384775808 0.5839878366637706 0.7635693430656935 0.531372719374457 0.7700573514077164 0.4895760208514335 0.7559009384775808 0.48613379669852297 0.7559009384775808 0.479249348392702 0.24685505735140773 0.4349930495221547
7 0.7864410844629822 0.4876029539530843 0.7937028154327423 0.48452215464813203 0.8471949947862357 0.49663075586446565 0.8560510948905109 0.5500834057341442 0.7763441084462982 0.5769574283231972
7 0.8666788321167883 0.50974022589053 0.8893514077163712 0.5264578627280625 0.8758894681960375 0.5450634231103388 0.8712836287799792 0.5450634231103388
6 0.2441230448383733 0.4032059079061685 0.24278415015641294 0.4122762814943527 0.0883660062565172 0.4197167680278019 0.08033263816475496 0.4184769765421372 0.08003545359749739 0.4122762814943527 0.08955683003128259 0.41326846220677677
4 0.1044327424400417 0.4199391833188532 0.10294473409801877 0.45915464813205903 0.11603649635036496 0.45493831450912253 0.11782168925964547 0.41748479582971326
4 0.1999395203336809 0.4147332754126846 0.20975808133472365 0.44303214596003476 0.22076642335766425 0.4403040834057342 0.21273305526590197 0.4137645525629887
4 0.09952346193952033 0.5181068635968723 0.09639937434827946 0.5751728931364031 0.1085985401459854 0.5764135534317985 0.11187069864442128 0.5719487402258905 0.11395411887382689 0.52903909643788 0.10740771637122003 0.5277984361424848 0.10711053180396246 0.5208540399652476
2 0.0865808133472367 0.501745438748914 0.08925860271115746 0.516409209383145 0.10711053180396246 0.519385751520417 0.10621793534932221 0.5285629887054735 0.7521094890510949 0.6184500434404866 0.7549676746611054 0.6027219808861859 0.7589697601668405 0.601768896611642 0.7595422314911365 0.5846099044309296 0.7389593326381648 0.5874700260642919
2 0.7744066736183524 0.5768696785403996 0.7724056308654849 0.5941146828844484 0.8267194994786236 0.5774326672458732 0.8581647549530761 0.581721980886186 0.8553065693430657 0.5512189400521286
4 0.7726913451511991 0.4854083405734145 0.7558258602711158 0.5836290182450043 0.757541188738269 0.5812458731537793 0.7592565172054223 0.6003101650738488 0.7523952033368092 0.6017402258905299 0.7461063607924922 0.6789522154648132 0.754681960375391 0.6818123370981755 0.7626861313868614 0.6794291920069505 0.7655453597497394 0.6760929626411816 0.7866986444212721 0.4859218071242398
4 0.8455870698644421 0.4761198957428323 0.8633107403545359 0.6327202432667246 0.8736016684045881 0.6341503040834058 0.8810344108446299 0.6308140747176368 0.8633107403545359 0.47352910512597746
1 0.24713242961418144 0.38748913987836664 0.24087591240875914 0.43614248479582973 0.3013555787278415 0.4370112945264987 0.7507820646506778 0.48132059079061684 0.7570385818561001 0.475238922675934 0.7872784150156413 0.46568201563857514 0.8310740354535975 0.4622067767158992 0.8790406673618353 0.4526498696785404 0.9030239833159541 0.4526498696785404 0.9176225234619395 0.365768896611642 0.9040667361835245 0.35534317984361424 0.8686131386861314 0.3475238922675934 0.5015641293013556 0.32493483927019984 0.2773722627737226 0.3188531711555169 0.2659019812304484 0.3205907906168549 0.2596454640250261 0.3266724587315378
3 0.7587413972888426 0.4827228496959166 0.771495307612096 0.4861294526498697 0.7877778936392076 0.48567680278019115 0.8895401459854014 0.47051954821894004 0.888725755995829 0.46667419635099916 0.9033795620437957 0.46282797567332756 0.9006663190823775 0.4551737619461338 0.8765151199165797 0.45540052128583847 0.7603701772679875 0.4753075586446568 0.7568415015641293 0.47689139878366643
0 0.08133472367049009 0.4135534317984361 0.08342022940563086 0.41963509991311904 0.10427528675703858 0.42224152910512597 0.10218978102189781 0.4578627280625543 0.09071949947862357 0.4639443961772372 0.0886339937434828 0.476107732406603 0.0886339937434828 0.5117289313640313 0.09697601668404589 0.5178105994787141 0.09906152241918666 0.5285256298870548 0.09593326381647549 0.5690703735881842 0.09906152241918666 0.5760208514335361 0.1105318039624609 0.5725456125108601 0.11366006256517205 0.5334491746307559 0.11783107403545359 0.5299739357080799 0.1261730969760167 0.5299739357080799 0.30031282586027114 0.5516941789748045 0.7309697601668405 0.6142484795829714 0.7518248175182481 0.6194613379669852 0.7476538060479666 0.6620330147697654 0.7476538060479666 0.6785403996524761 0.7518248175182481 0.680278019113814 0.7601668404588112 0.680278019113814 0.7653806047966631 0.6759339704604691 0.7758081334723671 0.5916594265855778 0.8227320125130344 0.576889661164205 0.8467153284671532 0.579496090356212 0.8581856100104275 0.5873153779322329 0.8654848800834203 0.630755864465682 0.8759124087591241 0.63249348392702 0.8800834202294057 0.629887054735013 0.8706986444212722 0.552997393570808 0.8915537017726799 0.5186794092093832 0.9165797705943691 0.37098175499565594 0.9124087591240876 0.36055603822762816 0.8915537017726799 0.3518679409209383 0.629822732012513 0.3318853171155517 0.2794577685088634 0.3188531711555169 0.264859228362878 0.3214596003475239 0.2596454640250261 0.32754126846220677 0.24713242961418144 0.39270199826238056 0.24504692387904067 0.3987836663770634 0.2346193952033368 0.40486533449174633
1 0.8769551616266945 0.473501303214596 0.872784150156413 0.4787141615986099 0.8654848800834203 0.4787141615986099 0.867570385818561 0.5021720243266724 0.8821689259645464 0.5212858384013901 0.8905109489051095 0.522154648132059 0.8978102189781022 0.46915725456125107
1 0.2502606882168926 0.37011294526498695 0.24087591240875914 0.43527367506516074 0.748696558915537 0.48132059079061684 0.7549530761209593 0.4787141615986099 0.7559958289885297 0.474370112945265 0.7851929092805006 0.46481320590790615 0.8175182481751825 0.4630755864465682 0.8571428571428571 0.4569939183318853 0.8613138686131386 0.45351867940920937 0.9009384775808134 0.4526498696785404 0.9155370177267987 0.3622936576889661 0.8894681960375391 0.3509991311902693 0.8686131386861314 0.3475238922675934 0.7695516162669447 0.34057341442224154 0.5015641293013556 0.32493483927019984 0.278415015641293 0.3188531711555169 0.2659019812304484 0.3205907906168549 0.26068821689259647 0.32493483927019984