1 0.23321584984358706 0.34080278019113813 0.22318561001042753 0.34432841007819287 0.20646715328467155 0.4604691572545613 0.2243003128258603 0.4558236316246742 0.8445380604796664 0.48834317984361425 0.8450948905109489 0.47858731537793225 0.8388425443169969 0.47742919200695044 0.8423232533889469 0.46872371850564726 0.9122325338894682 0.45624674196351 0.9195411887382691 0.37267940920938314 0.8997017726798748 0.36223370981754993 0.8906517205422315 0.3581711555169418 0.567621480709072 0.34307732406602953 0.3876235662148071 0.33942832319721983
1 0.8572909280500522 0.48925803649000865 0.882339937434828 0.4953092962641182 0.8818581856100104 0.4750286707211121 0.8582544316996872 0.478241529105126
1 0.8945036496350365 0.4730034752389227 0.9093159541188738 0.46960729800173767 0.9061856100104275 0.5051476976542136 0.8939019812304483 0.4973171155516942
7 0.8948644421272158 0.4991920069504779 0.9069082377476538 0.5053483927019983 0.9057038581856101 0.5161911381407471 0.9028133472367049 0.5234196350999132 0.9076308654848801 0.5276359687228497 0.8975140771637122 0.5388801042571677
7 0.8580135557872784 0.48895742832319716 0.8828216892596454 0.4939035621198957 0.884266944734098 0.5422936576889661 0.8820990615224191 0.5481164205039096 0.8527142857142858 0.5611685490877497
7 0.20558498435870698 0.45808688097306693 0.09905005213764338 0.47632927888792354 0.09292283628779979 0.48497046046915726 0.09349843587069866 0.5228966116420505 0.836808133472367 0.5699435273675065 0.8448696558915537 0.4888114682884448 0.22638581856100107 0.4547263249348393
6 0.20899791449426486 0.42281059947871413 0.08213242961418143 0.4305325803649001 0.08286548488008343 0.43848045178105993 0.10339937434827945 0.4397028670721112 0.20899791449426486 0.4354231103388358
3 0.9081543274244004 0.4577350130321459 0.8390427528675705 0.4700408340573415 0.8390427528675705 0.47645786272806256 0.8460709071949948 0.4800851433536055 0.8611324296141815 0.47924847958297134 0.9106642335766423 0.4692041702867072 0.9133420229405631 0.46557688966116423 0.9120031282586027 0.4594387489139878
4 0.8443983315954119 0.479485664639444 0.8387080291970803 0.5693205907906168 0.835696558915537 0.5693205907906168 0.8397122002085505 0.5776907037358818 0.8363660062565172 0.5868983492615117 0.8330187695516162 0.5882927888792354 0.8283336809176225 0.6591607298001737 0.8457361835245047 0.6594396177237185 0.8587893639207508 0.47810947002606424
4 0.8822168925964546 0.4767141615986099 0.8848946819603755 0.620401390095569 0.8989509906152242 0.6201225021720242 0.894934306569343 0.4730868809730669
2 0.8529812304483837 0.5613900955690704 0.8512700729927007 0.578107732406603 0.8608070907194995 0.573010425716768 0.8842836287799791 0.574845351867941 0.8830604796663191 0.5463040834057342
4 0.10216684045881126 0.4394526498696785 0.10011366006256517 0.4779808861859252 0.11380396246089677 0.47455690703735887 0.11551511991657977 0.4391754995655951
4 0.1740427528675704 0.4377410947002606 0.17883524504692386 0.4637141615986099 0.1925255474452555 0.4617167680278019 0.18602294056308655 0.4354665508253692
4 0.09497914494264859 0.5378375325803649 0.09052971845672575 0.5978192875760209 0.1066162669447341 0.5983900955690703 0.10969655891553702 0.5504543874891399 0.10558915537017727 0.5504543874891399 0.1066162669447341 0.538755864465682
4 0.19714598540145983 0.5579417897480452 0.20039728884254432 0.5709982623805387 0.21477267987486967 0.5695716768027802 0.2106652763295099 0.5575873153779323
2 0.09343899895724714 0.5224378801042572 0.09395203336809176 0.5379000868809731 0.10627424400417101 0.5390408340573415 0.10558915537017727 0.5495986099044309 0.831645464025026 0.6035256298870547 0.8330145985401459 0.590115551694179 0.8374640250260689 0.5844083405734144 0.8384911366006257 0.5778462206776716 0.8371220020855057 0.5704274543874891
0 0.08133472367049009 0.43353605560382275 0.10218978102189781 0.4474370112945265 0.10010427528675704 0.4778453518679409 0.0948905109489051 0.48566463944396177 0.09384775808133472 0.5004344048653345 0.0948905109489051 0.5968722849695917 0.10531803962460896 0.5951346655082537 0.10844629822732013 0.5534317984361424 0.12930135557872785 0.5499565595134666 0.19290928050052136 0.5551694178974804 0.20333680917622524 0.5690703735881842 0.2116788321167883 0.5673327541268463 0.20959332638164754 0.5595134665508253 0.21584984358706985 0.5560382276281495 0.8154327424400417 0.6012163336229366 0.8310740354535975 0.6104839270199827 0.8279457768508863 0.6542137271937446 0.8331595411887383 0.6585577758470895 0.8435870698644421 0.6559513466550826 0.848800834202294 0.5916594265855778 0.8540145985401459 0.5742832319721981 0.8644421272158499 0.5716768027801912 0.8800834202294057 0.5742832319721981 0.8842544316996872 0.6194613379669852 0.8978102189781022 0.6194613379669852 0.8967674661105318 0.58123370981755 0.9124087591240876 0.46481320590790615 0.9092805005213764 0.45091225021720244 0.9165797705943691 0.37532580364900087 0.8936392075078207 0.35968722849695917 0.6277372262773723 0.34578627280625546 0.4494264859228363 0.34057341442224154 0.23357664233576642 0.34144222415291053 0.22523461939520334 0.34578627280625546 0.21480709071949947 0.40660295395308427 0.20403232533889468 0.4265855777584709