1 0.2794577685088634 0.36750651607298 0.278415015641293 0.38922675933970463 0.28884254431699685 0.4144222415291051 0.2961418143899896 0.41789748045178104 0.6225234619395204 0.4769765421372719 0.6339937434827946 0.4769765421372719 0.6600625651720542 0.45351867940920937 0.7049009384775808 0.43961772371850566 0.7539103232533889 0.4317984361424848 0.7705943691345151 0.4257167680278019 0.8154327424400417 0.42484795829713295 0.872784150156413 0.4109470026064292 0.8832116788321168 0.3796698523023458 0.8821689259645464 0.37445699391833187 0.8748696558915537 0.37445699391833187 0.8759124087591241 0.365768896611642 0.8592283628779979 0.35534317984361424 0.835245046923879 0.3509991311902693 0.32116788321167883 0.29626411815812337 0.3086548488008342 0.29713292788879236 0.29927007299270075 0.3040834057341442 0.2846715328467153 0.34144222415291053
7 0.10531803962460896 0.45178105994787143 0.10531803962460896 0.48045178105994785 0.12095933263816476 0.5030408340573415 0.12825860271115747 0.5013032145960035 0.26173096976016685 0.5299739357080799 0.264859228362878 0.5334491746307559 0.30761209593326383 0.5403996524761078 0.32012513034410844 0.5464813205907906 0.34515119916579773 0.5473501303214596 0.38269030239833157 0.5612510860121633 0.656934306569343 0.6220677671589921 0.6642335766423357 0.6220677671589921 0.6684045881126173 0.6151172893136403 0.670490093847758 0.5369244135534318 0.6663190823774765 0.5351867940920938 0.6475495307612096 0.5430060816681147 0.6277372262773723 0.5438748913987836 0.6193952033368092 0.5421372719374457 0.6120959332638165 0.5308427454387489 0.6110531803962461 0.5204170286707211 0.616266944734098 0.5169417897480452 0.6131386861313869 0.5125977410947002 0.629822732012513 0.48740225890529976 0.6266944734098019 0.4795829713292789 0.2909280500521376 0.41963509991311904 0.2273201251303441 0.42484795829713295 0.16684045881126172 0.43788010425716767 0.145985401459854 0.4456993918331885 0.132429614181439 0.4456993918331885 0.1261730969760167 0.44048653344917466 0.11991657977059438 0.4413553431798436 0.10844629822732013 0.4465682015638575
2 0.11470281543274244 0.4934839270199826 0.11157455683003129 0.4934839270199826 0.11366006256517205 0.5082536924413553 0.1251303441084463 0.5117289313640313 0.145985401459854 0.5134665508253693 0.6402502606882169 0.6385751520417029 0.6663190823774765 0.6368375325803649 0.6642335766423357 0.6211989574283232 0.64859228362878 0.6211989574283232 0.5974973931178311 0.6099044309296264
5 0.11261730969760167 0.368375325803649 0.10740354535974973 0.37271937445699393 0.10844629822732013 0.3814074717636838 0.12825860271115747 0.43788010425716767 0.13555787278415016 0.4430929626411816 0.19708029197080293 0.4283231972198089 0.2846715328467153 0.4152910512597741 0.2711157455683003 0.3788010425716768 0.25651720542231493 0.35534317984361424 0.18873826903023982 0.35881841876629017
5 0.6173096976016684 0.5204170286707211 0.616266944734098 0.5343179843614249 0.6235662148070907 0.5403996524761078 0.6381647549530761 0.5403996524761078 0.6684045881126173 0.5325803649000869 0.6830031282586028 0.4769765421372719 0.6976016684045881 0.4569939183318853 0.7831074035453598 0.4309296264118158 0.7685088633993743 0.4300608166811468 0.6600625651720542 0.45612510860121636 0.635036496350365 0.48132059079061684
6 0.08133472367049009 0.36142484795829716 0.08237747653806048 0.42137271937445697 0.08967674661105318 0.4891398783666377 0.09280500521376434 0.5013032145960035 0.09801876955161627 0.5047784535186794 0.10844629822732013 0.5047784535186794 0.1105318039624609 0.5004344048653345 0.10218978102189781 0.48392701998262383 0.10218978102189781 0.45525629887054736 0.10948905109489052 0.4448305821025195 0.1261730969760167 0.43874891398783666 0.10740354535974973 0.3822762814943527 0.11366006256517205 0.36750651607298 0.20125130344108447 0.35708079930495223 0.2273201251303441 0.3579496090356212 0.24817518248175183 0.3527367506516073 0.26277372262773724 0.36055603822762816 0.2669447340980188 0.3735881841876629 0.2721584984358707 0.37706342311033886 0.278415015641293 0.37011294526498695 0.2867570385818561 0.3301476976542137 0.13451511991657977 0.3466550825369244 0.09593326381647549 0.3536055603822763
3 0.6715328467153284 0.5551694178974804 0.6736183524504692 0.5994787141615986 0.670490093847758 0.6429192006950478 0.6913451511991658 0.6516072980017377 0.7049009384775808 0.6507384882710686 0.7758081334723671 0.6229365768896612 0.7914494264859229 0.6125108601216334 0.799791449426486 0.6125108601216334 0.8362877997914494 0.5960034752389227 0.8456725755995829 0.5960034752389227 0.8936392075078207 0.578627280625543 0.8988529718456726 0.5690703735881842 0.9113660062565172 0.4900086880973067 0.9186652763295099 0.4283231972198089 0.9155370177267987 0.41702867072111205 0.8957247132429614 0.4109470026064292 0.8602711157455682 0.4144222415291051 0.7580813347236705 0.4430929626411816 0.7153284671532847 0.45178105994787143 0.6986444212721585 0.4587315377932233 0.6861313868613139 0.4769765421372719 0.6861313868613139 0.4952215464813206 0.6777893639207507 0.5117289313640313
4 0.8258602711157456 0.6064291920069504 0.8248175182481752 0.6229365768896612 0.8310740354535975 0.6264118158123371 0.8331595411887383 0.6038227628149435 0.8279457768508863 0.6029539530842746
4 0.13555787278415016 0.5117289313640313 0.11991657977059438 0.5117289313640313 0.12930135557872785 0.5134665508253693 0.132429614181439 0.5612510860121633 0.1386861313868613 0.5595134665508253 0.1386861313868613 0.5143353605560382
4 0.6371220020855057 0.6385751520417029 0.6360792492179353 0.6993918331885317 0.6444212721584984 0.7028670721112077 0.6496350364963503 0.6437880104257168
0 0.08133472367049009 0.3622936576889661 0.08237747653806048 0.41789748045178104 0.09176225234619395 0.49869678540399653 0.0948905109489051 0.5039096437880104 0.12095933263816476 0.5117289313640313 0.13034410844629823 0.5230234578627281 0.13034410844629823 0.5577758470894874 0.1334723670490094 0.5612510860121633 0.1397288842544317 0.5543006081668115 0.1386861313868613 0.5317115551694179 0.145985401459854 0.5143353605560382 0.6266944734098019 0.6333622936576889 0.6339937434827946 0.6368375325803649 0.6360792492179353 0.6437880104257168 0.635036496350365 0.682015638575152 0.6392075078206465 0.7028670721112077 0.6465067778936392 0.7019982623805386 0.6475495307612096 0.6985230234578628 0.6475495307612096 0.6490008688097306 0.6506777893639207 0.6463944396177237 0.6882168925964547 0.6550825369244135 0.7028154327424401 0.6533449174630755 0.8102189781021898 0.6081668114682884 0.8248175182481752 0.6255430060816681 0.8321167883211679 0.6264118158123371 0.8342022940563086 0.6072980017376195 0.8415015641293013 0.5986099044309297 0.8915537017726799 0.579496090356212 0.8978102189781022 0.5725456125108601 0.9186652763295099 0.42397914856646396 0.9124087591240876 0.4144222415291051 0.8884254431699687 0.4109470026064292 0.8769551616266945 0.40486533449174633 0.8832116788321168 0.368375325803649 0.8550573514077163 0.35447437011294525 0.6277372262773723 0.32754126846220677 0.310740354535975 0.29713292788879236 0.3013555787278415 0.3014769765421373 0.28988529718456724 0.32841007819287577 0.1334723670490094 0.3466550825369244 0.09280500521376434 0.35447437011294525