1 0.31282586027111575 0.2932232841007819 0.8654848800834203 0.35621198957428324 0.883733055265902 0.36707211120764555 0.87851929092805 0.4061685490877498 0.8003128258602711 0.42788879235447436 0.7455683003128258 0.42788879235447436 0.6465067778936392 0.45612510860121636 0.6334723670490093 0.473501303214596 0.2789363920750782 0.4126846220677672 0.28936392075078204 0.3344917463075586
6 0.28154327424400416 0.33231972198088616 0.0808133472367049 0.3583840139009557 0.0886339937434828 0.5104257167680278 0.11209593326381648 0.5125977410947002 0.09906152241918666 0.44526498696785405 0.12252346193952034 0.44526498696785405 0.10688216892596454 0.369244135534318 0.2659019812304484 0.3475238922675934
3 0.881126173096976 0.4126846220677672 0.9176225234619395 0.4126846220677672 0.9124087591240876 0.5668983492615117 0.6960375391032325 0.6559513466550826 0.6673618352450469 0.6407471763683753 0.6856100104275287 0.4582971329278888
5 0.26329509906152243 0.34969591659426585 0.10948905109489052 0.36707211120764555 0.13034410844629823 0.4409209383145091 0.2737226277372263 0.4126846220677672
5 0.7612095933263816 0.42788879235447436 0.656934306569343 0.45178105994787143 0.6178310740354536 0.5191138140747177 0.6438998957247133 0.5408340573414422 0.6856100104275287 0.4626411815812337
7 0.28154327424400416 0.4126846220677672 0.6386861313868614 0.48218940052128584 0.6178310740354536 0.525629887054735 0.6412930135557873 0.5430060816681147 0.6673618352450469 0.5364900086880973 0.664754953076121 0.6233709817549956 0.10688216892596454 0.48653344917463076 0.10427528675703858 0.4474370112945265 0.13816475495307612 0.4430929626411816
2 0.10427528675703858 0.48653344917463076 0.6673618352450469 0.6277150304083405 0.662148070907195 0.6472632493483927 0.10166840458811262 0.501737619461338
4 0.1251303441084463 0.5169417897480452 0.145985401459854 0.5191138140747177 0.14077163712200208 0.5668983492615117 0.12252346193952034 0.5625543006081668
4 0.6308654848800834 0.6494352736750652 0.6517205422314911 0.6494352736750652 0.6517205422314911 0.6993918331885317 0.6308654848800834 0.6972198088618593
4 0.8342022940563086 0.6016507384882711 0.8133472367049009 0.6081668114682884 0.8263816475495308 0.629887054735013 0.8446298227320125 0.6320590790616855
0 0.08133472367049009 0.3631624674196351 0.08133472367049009 0.4092093831450912 0.09176225234619395 0.5004344048653345 0.0948905109489051 0.5047784535186794 0.13034410844629823 0.5152041702867072 0.13034410844629823 0.5551694178974804 0.1334723670490094 0.5603822762814944 0.13764337851929093 0.5534317984361424 0.13764337851929093 0.527367506516073 0.145985401459854 0.5152041702867072 0.15224191866527634 0.5160729800173762 0.6120959332638165 0.629887054735013 0.6360792492179353 0.6394439617723718 0.6371220020855057 0.7002606429192006 0.6402502606882169 0.7019982623805386 0.6454640250260688 0.6985230234578628 0.6465067778936392 0.6649287576020851 0.6548488008342023 0.6463944396177237 0.6715328467153284 0.6481320590790617 0.6861313868613139 0.6542137271937446 0.7017726798748697 0.6533449174630755 0.8123044838373306 0.6072980017376195 0.8279457768508863 0.6255430060816681 0.8373305526590198 0.5994787141615986 0.8967674661105318 0.577758470894874 0.9113660062565172 0.5638575152041703 0.9186652763295099 0.42484795829713295 0.9113660062565172 0.4144222415291051 0.8873826903023984 0.4109470026064292 0.8769551616266945 0.40573414422241527 0.8832116788321168 0.369244135534318 0.8529718456725756 0.35447437011294525 0.6266944734098019 0.32754126846220677 0.3096976016684046 0.29713292788879236 0.30031282586027114 0.3032145960034752 0.2909280500521376 0.32493483927019984 0.28102189781021897 0.3301476976542137 0.10636079249217935 0.3509991311902693 0.09071949947862357 0.35534317984361424