0 0.07333333333333333 0.4766666666666667 0.07666666666666666 0.6333333333333333 0.11 0.6766666666666666 0.15 0.66 0.39 0.7066666666666667 0.42333333333333334 0.72 0.42333333333333334 0.7433333333333333 0.44666666666666666 0.7266666666666667 0.4766666666666667 0.7266666666666667 0.7533333333333333 0.7733333333333333 0.82 0.7966666666666666 0.8366666666666667 0.8166666666666667 0.9266666666666666 0.67 0.9266666666666666 0.5 0.9066666666666666 0.48333333333333334 0.9 0.4033333333333333 0.24666666666666667 0.37 0.23 0.3933333333333333 0.18 0.4 0.13333333333333333 0.46
5 0.18333333333333332 0.4 0.18333333333333332 0.54 0.3566666666666667 0.5366666666666666 0.35333333333333333 0.45666666666666667 0.32 0.43333333333333335 0.32 0.3933333333333333 0.2733333333333333 0.4066666666666667
5 0.6066666666666667 0.5466666666666666 0.6033333333333334 0.5733333333333334 0.7066666666666667 0.6166666666666667 0.7366666666666667 0.5933333333333334 0.79 0.61 0.8033333333333333 0.5533333333333333 0.8433333333333334 0.52 0.8666666666666667 0.47 0.8566666666666667 0.45666666666666667 0.75 0.43333333333333335 0.7266666666666667 0.49333333333333335 0.7066666666666667 0.5 0.6466666666666666 0.48333333333333334
1 0.23666666666666666 0.37666666666666665 0.23 0.3933333333333333 0.24 0.4 0.31333333333333335 0.39 0.36 0.4533333333333333 0.37 0.5266666666666666 0.5933333333333334 0.5533333333333333 0.6333333333333333 0.4866666666666667 0.66 0.4766666666666667 0.7166666666666667 0.49333333333333335 0.7366666666666667 0.44 0.7633333333333333 0.4266666666666667 0.8733333333333333 0.4633333333333333 0.8866666666666667 0.49333333333333335 0.9066666666666666 0.47 0.9 0.4033333333333333 0.86 0.39666666666666667 0.32666666666666666 0.36666666666666664
7 0.10666666666666667 0.55 0.10333333333333333 0.6 0.12666666666666668 0.62 0.7666666666666667 0.74 0.78 0.7366666666666667 0.8066666666666666 0.6566666666666666 0.7533333333333333 0.5933333333333334 0.7066666666666667 0.6133333333333333 0.5666666666666667 0.5566666666666666 0.39666666666666667 0.5366666666666666 0.36333333333333334 0.5533333333333333 0.26666666666666666 0.55 0.17 0.5333333333333333
6 0.07333333333333333 0.48 0.07666666666666666 0.6333333333333333 0.1 0.65 0.09666666666666666 0.5566666666666666 0.17333333333333334 0.52 0.17666666666666667 0.45666666666666667 0.13333333333333333 0.45666666666666667
3 0.7966666666666666 0.5666666666666667 0.7933333333333333 0.7733333333333333 0.8033333333333333 0.7866666666666666 0.85 0.7933333333333333 0.9266666666666666 0.6733333333333333 0.9233333333333333 0.49333333333333335 0.9033333333333333 0.49 0.84 0.5233333333333333
4 0.11666666666666667 0.6566666666666666 0.10666666666666667 0.6566666666666666 0.11 0.68 0.12 0.68
4 0.8366666666666667 0.7966666666666666 0.82 0.7966666666666666 0.83 0.82 0.84 0.8166666666666667
4 0.42 0.7233333333333334 0.4166666666666667 0.74 0.44 0.7433333333333333 0.44 0.7266666666666667
2 0.10444333333333333 0.6155566666666666 0.7866666666666666 0.7422233333333333 0.78889 0.7777766666666667 0.09555666666666668 0.6555566666666667