5 0.16666666666666666 0.0963572267920094 0.21354166666666666 0.11515863689776733 0.2799479166666667 0.09870740305522914 0.3385416666666667 0.06110458284371328 0.3463541666666667 0.06110458284371328 0.3671875 0.3078730904817861 0.3971354166666667 0.40423031727379555 0.3658854166666667 0.418331374853114 0.3216145833333333 0.418331374853114 0.31640625 0.2937720329024677 0.19010416666666666 0.2702702702702703
5 0.3880208333333333 0.0681551116333725 0.44140625 0.07755581668625147 0.4986979166666667 0.0799059929494712 0.54296875 0.05170387779083431 0.5716145833333334 0.3337250293772033 0.5846354166666666 0.3619271445358402 0.49609375 0.3783783783783784 0.4270833333333333 0.3971797884841363 0.40625 0.209165687426557
5 0.5768229166666666 0.04230317273795535 0.62890625 0.06345475910693302 0.6901041666666666 0.06345475910693302 0.7135416666666666 0.04700352526439483 0.7265625 0.07285546415981199 0.73046875 0.15511163337250294 0.7408854166666666 0.1809635722679201 0.7643229166666666 0.32667450058754405 0.703125 0.3337250293772033 0.6614583333333334 0.34312573443008226 0.6380208333333334 0.35487661574618096 0.62109375 0.3525264394829612 0.609375 0.3172737955346651
1 0.06901041666666667 0.2444183313748531 0.06640625 0.10340775558166862 0.07161458333333333 0.0799059929494712 0.09895833333333333 0.06110458284371328 0.6822916666666666 0 0.7044270833333334 0.004700352526439483 0.7122395833333334 0.023501762632197415 0.7122395833333334 0.0399529964747356 0.6940104166666666 0.05405405405405406 0.63671875 0.05875440658049354 0.5755208333333334 0.03525264394829612 0.6184895833333334 0.3525264394829612 0.58984375 0.3619271445358402 0.5768229166666666 0.3407755581668625 0.5442708333333334 0.04230317273795535 0.51171875 0.06345475910693302 0.4856770833333333 0.07520564042303172 0.3815104166666667 0.06110458284371328 0.42578125 0.3971797884841363 0.3971354166666667 0.40423031727379555 0.3671875 0.2796709753231492 0.3489583333333333 0.0564042303172738 0.2864583333333333 0.0846063454759107 0.21614583333333334 0.11045828437132785 0.16015625 0.08930669800235018 0.18880208333333334 0.27262044653349
7 0.3268229166666667 0.4300822561692127 0.7604166666666666 0.32432432432432434 0.94921875 0.37132784958871917 0.9518229166666666 0.5052878965922444 0.32421875 0.6886016451233843 0.3229166666666667 0.535840188014101
2 0.3203125 0.6933019976498237 0.953125 0.5052878965922444 0.94921875 0.700352526439483 0.7565104166666666 0.7755581668625147 0.4075520833333333 0.9024676850763808 0.3203125 0.9283196239717979
6 0.0625 0.25146886016451236 0.2981770833333333 0.2937720329024677 0.3190104166666667 0.3196239717978848 0.3190104166666667 0.9259694477085781 0.2552083333333333 0.9447708578143361 0.015625 0.8202115158636898 0.0026041666666666665 0.28437132784958874 0.010416666666666666 0.26556991774383076 0.020833333333333332 0.25616921269095183
3 0.7356770833333334 0.14806110458284372 0.7486979166666666 0.15041128084606345 0.98046875 0.1809635722679201 0.9986979166666666 0.1927144535840188 0.9947916666666666 0.6933019976498237 0.9505208333333334 0.7027027027027027 0.9505208333333334 0.36427732079905994 0.7643229166666666 0.3219741480611046
4 0.041666666666666664 0.836662749706228 0.07682291666666667 0.8554641598119859 0.078125 0.8883666274970623 0.061197916666666664 0.8930669800235017 0.041666666666666664 0.8860164512338425
4 0.24869791666666666 0.9494712103407755 0.2877604166666667 0.9400705052878966 0.2877604166666667 0.9894242068155111 0.2721354166666667 0.9988249118683902 0.24869791666666666 0.9917743830787309
4 0.9283854166666666 0.7074030552291422 0.9479166666666666 0.7050528789659224 0.9661458333333334 0.7027027027027027 0.9661458333333334 0.7473560517038778 0.9505208333333334 0.745005875440658 0.9309895833333334 0.7520564042303173
0 0.06901041666666667 0.0846063454759107 0.09505208333333333 0.06110458284371328 0.6848958333333334 0 0.7083333333333334 0.01410105757931845 0.7161458333333334 0.04465334900117509 0.7252604166666666 0.06580493537015276 0.7317708333333334 0.14806110458284372 0.7786458333333334 0.15041128084606345 0.9895833333333334 0.18331374853113983 0.9993489583333334 0.19506462984723855 0.9973958333333334 0.6933019976498237 0.9661458333333334 0.700352526439483 0.9635416666666666 0.7403055229142186 0.9361979166666666 0.7426556991774383 0.9322916666666666 0.7074030552291422 0.2877604166666667 0.9377203290246768 0.2864583333333333 0.9847238542890717 0.2708333333333333 0.9988249118683902 0.24739583333333334 0.9894242068155111 0.24609375 0.9377203290246768 0.078125 0.8507638072855465 0.07682291666666667 0.8836662749706228 0.06380208333333333 0.8954171562867215 0.041666666666666664 0.8883666274970623 0.0390625 0.8319623971797885 0.014322916666666666 0.81786133960047 0.0026041666666666665 0.27262044653349 0.01953125 0.25851938895417154 0.06510416666666667 0.25146886016451236