1 0.2758467153284671 0.34498088618592526 0.28922106360792493 0.33528149435273674 0.3103972888425443 0.33017115551694176 0.583458811261731 0.33249435273675065 0.8386871741397289 0.3413205907906169 0.8782523461939521 0.3506116420503909 0.9011011470281542 0.36547784535186795 0.907230448383733 0.379879235447437 0.9033295099061522 0.3942806255430061 0.8593055265901981 0.3952102519548219 0.8737945776850887 0.3640842745438749 0.841104275286757 0.3621407471763684 0.810822732012513 0.35923979148566465 0.7982919708029197 0.3537263249348393 0.6743806047966632 0.47441094700260644 0.371718456725756 0.4572910512597741 0.36092805005213763 0.44336316246741964 0.3473534932221064 0.40970460469157255 0.34248070907195 0.36646915725456125 0.339696558915537 0.33861337966985233
5 0.17088321167883214 0.34989226759339703 0.18585088633993743 0.3438366637706342 0.2084744525547445 0.3464483058210252 0.26764650677789364 0.3452875760208514 0.3417851929092805 0.3371633362293658 0.34700521376433785 0.4062224152910513 0.3616246089676747 0.44539443961772374 0.371718456725756 0.4561303214596003 0.30488946819603757 0.45322936576889666 0.25372367049009387 0.4570008688097307 0.20290615224191866 0.463094700260643 0.19559645464025027 0.45932232841007814 0.20290615224191866 0.441622067767159 0.1945526590198123 0.391133796698523 0.18654640250260687 0.3722728062554301
6 0.18795620437956204 0.37947263249348395 0.11956100104275287 0.3858853171155517 0.10772679874869656 0.3908184187662902 0.09832950990615225 0.40474630755864466 0.09763295099061522 0.41519200695047787 0.09937330552659021 0.4839609035621199 0.1181689259645464 0.4764170286707211 0.19822419186652765 0.46306950477845354 0.19892075078206464 0.44885143353605567 0.20309697601668406 0.44507906168549083 0.1954400417101147 0.3940095569070374
5 0.7977705943691346 0.354241529105126 0.8109968717413972 0.359768896611642 0.8332732012513034 0.36296090356211985 0.8739968717413973 0.3632510860121633 0.858681960375391 0.39662033014769765 0.7660959332638165 0.411128583840139 0.7546100104275287 0.4157706342311034 0.7438196037539103 0.4276672458731538 0.7392950990615225 0.447979148566464 0.7389468196037539 0.48337966985230235 0.7295495307612097 0.47844656820156384 0.6916100104275287 0.4761251086012163 0.6721178310740354 0.47525456125108606
3 0.904800834202294 0.394262380538662 0.7591345151199166 0.412868809730669 0.7452116788321168 0.42476629018245005 0.7410354535974975 0.441015638575152 0.737903023983316 0.4851198957428324 0.737903023983316 0.5251633362293657 0.7399906152241918 0.5819878366637706 0.7553065693430657 0.5843092962641181 0.9133284671532846 0.5477480451781059 0.918201251303441 0.4169313640312771 0.9143733055265902 0.40706602953953086
7 0.1999478623566215 0.46163423110338836 0.12025860271115746 0.4745412684622068 0.09765589155370177 0.4842041702867072 0.09298435870698644 0.5102945264986968 0.09935974973931179 0.5349348392701999 0.7055766423357664 0.5871146828844483 0.7420198123044838 0.5803501303214595 0.7408602711157456 0.522372719374457 0.7397007299270073 0.4808218940052129 0.6765297184567258 0.4745412684622068 0.3705224191866528 0.45376629018245 0.29807820646506783 0.4532832319721981
4 0.09836392075078207 0.5457862728062555 0.09836392075078207 0.6014561251086011 0.11246715328467152 0.6079218071242397 0.12374869655891553 0.6032189400521285 0.12233889468196037 0.5491398783666377
4 0.26970907194994787 0.5607671589921807 0.27041397288842545 0.5785308427454388 0.28522106360792493 0.579118158123371 0.29156725755995827 0.5744161598609905 0.29086235662148074 0.5620721112076456
4 0.37547653806047965 0.5678175499565595 0.37547653806047965 0.61027280625543 0.3846433785192909 0.6108609904430929 0.3966298227320125 0.6043944396177238 0.39592492179353495 0.5708887923544743
4 0.5838394160583942 0.5854422241529106 0.5827820646506778 0.6267324066029539 0.5954744525547445 0.6320225890529974 0.6081668404588112 0.6284952215464813 0.6067559958289885 0.5867602085143353
4 0.7456652763295099 0.5986611642050391 0.7442544316996872 0.6672919200695048 0.758356621480709 0.670231103388358 0.7682283628779979 0.6655282363162468 0.7675234619395203 0.5944022589052997
4 0.893740354535975 0.5642919200695048 0.8930354535974975 0.624380538662033 0.9099582898852971 0.6290834057341442 0.9155985401459854 0.624968722849696 0.9177142857142857 0.5561937445699392
2 0.09413347236704901 0.5316863596872285 0.07862043795620438 0.5373831450912251 0.08144108446298227 0.5456125108601216 0.7294473409801877 0.5985169417897481 0.7449593326381648 0.5979287576020852 0.919124087591241 0.5561937445699392 0.919830031282586 0.5462006950477846 0.9141887382690302 0.5479643788010425 0.7562419186652763 0.5849965247610773 0.7400239833159541 0.5761798436142485 0.7089989572471324 0.5873483927019982
0 0.09906152241918666 0.4118158123370982 0.10010427528675704 0.48045178105994785 0.0948905109489051 0.49956559513466553 0.09593326381647549 0.526498696785404 0.08133472367049009 0.5412684622067767 0.10114702815432743 0.5499565595134666 0.10010427528675704 0.5986099044309297 0.10531803962460896 0.6046915725456126 0.11261730969760167 0.6055603822762815 0.11887382690302398 0.6020851433536055 0.11783107403545359 0.5638575152041703 0.11887382690302398 0.5525629887054735 0.12304483837330553 0.5482189400521286 0.2638164754953076 0.5586446568201564 0.26903023983315955 0.5603822762814944 0.2721584984358707 0.5725456125108601 0.27632950990615224 0.575152041702867 0.2867570385818561 0.575152041702867 0.28884254431699685 0.5686359687228497 0.3034410844629823 0.5603822762814944 0.5755995828988529 0.5838401390095569 0.5860271115745568 0.5864465682015638 0.5891553701772679 0.6264118158123371 0.6016684045881127 0.6238053866203301 0.6006256517205423 0.5942658557775847 0.6068821689259646 0.5864465682015638 0.735140771637122 0.5977410947002606 0.7445255474452555 0.6012163336229366 0.7445255474452555 0.6646394439617723 0.7591240875912408 0.6672458731537794 0.7664233576642335 0.6646394439617723 0.7664233576642335 0.6064291920069504 0.7716371220020855 0.5916594265855778 0.8300312825860271 0.575152041702867 0.8852971845672576 0.5647263249348393 0.8936392075078207 0.5762814943527367 0.8936392075078207 0.6229365768896612 0.9019812304483837 0.6272806255430061 0.9144942648592284 0.6255430060816681 0.9165797705943691 0.5534317984361424 0.9113660062565172 0.5360556038227628 0.9144942648592284 0.4152910512597741 0.9103232533889468 0.40399652476107734 0.9019812304483837 0.3970460469157255 0.9030239833159541 0.37619461337966986 0.8978102189781022 0.365768896611642 0.872784150156413 0.3509991311902693 0.8519290928050052 0.34491746307558646 0.5276329509906152 0.3327541268462207 0.30656934306569344 0.3327541268462207 0.2659019812304484 0.3466550825369244 0.18561001042752867 0.34578627280625546 0.17518248175182483 0.3483927019982624 0.17518248175182483 0.35708079930495223 0.18873826903023982 0.3779322328410078 0.1710114702815433 0.3840139009556907 0.12200208550573514 0.38662033014769764 0.10636079249217935 0.3944396177237185