1 0.36496350364963503 0.3564752389226759 0.7697413972888426 0.3812971329278888 0.6907445255474453 0.46295742832319725 0.6781053180396246 0.4871920069504779 0.41078102189781024 0.46401042571676804 0.4006694473409802 0.44241007819287576 0.38803023983315954 0.4266046915725456 0.3779186652763295 0.3934144222415291
1 0.8171386861313868 0.38096003475238926 0.8187194994786237 0.4089391833188532 0.8610615224191867 0.39787576020851434 0.8749645464025027 0.3878653344917463
3 0.8142950990615224 0.40781407471763687 0.7732168925964547 0.4157880104257168 0.7599457768508864 0.4279052997393571 0.7542575599582898 0.44213032145960035 0.7492022940563087 0.45372024326672455 0.7447778936392074 0.6302119895742833 0.750466110531804 0.6418027801911381 0.7612095933263816 0.6512858384013901 0.790912408759124 0.6533927019982624 0.8793879040667362 0.6202024326672458 0.9002429614181439 0.6001824500434404 0.910354535974974 0.5806889661164205 0.9147789363920751 0.5596151172893136 0.9198342022940563 0.43001303214596004 0.9160427528675704 0.41157341442224155 0.9046673618352451 0.395241529105126 0.8869718456725756 0.39155343179843616 0.8730688216892597 0.3862849695916594 0.8585328467153285 0.3973483927019983
6 0.14630135557872784 0.36786099044309295 0.09511157455683003 0.37523718505647263 0.085 0.3847202432667246 0.0837361835245047 0.39578366637706347 0.08057664233576642 0.4068470894874023 0.08689572471324296 0.5512015638575152 0.0900563086548488 0.5659530842745439 0.10016788321167884 0.5770165073848826 0.11912617309697603 0.5833388357949609 0.13366214807090718 0.5759635099913119 0.13050260688216891 0.4842927888792355 0.14693326381647548 0.4790243266724587 0.17600417101147028 0.47059513466550823 0.19180291970802918 0.4690147697654214 0.1905391032325339 0.4547897480451781 0.1810594369134515 0.4247602085143354 0.15578102189781023 0.37102172024326674
5 0.15830865484880086 0.3477871416159861 0.14882898852971846 0.35521720243266725 0.1532533889468196 0.36733449174630756 0.18169134515119917 0.42581320590790617 0.18927528675703856 0.4542632493483927 0.19369968717413974 0.4674335360556038 0.19117101147028154 0.47428323197219807 0.19749113660062564 0.47428323197219807 0.23730552659019813 0.4700677671589922 0.2417288842544317 0.4674335360556038 0.2568967674661105 0.4674335360556038 0.2638477580813347 0.4711216333622936 0.2575286757038582 0.47691746307558647 0.26637643378519293 0.4811320590790617 0.28217518248175183 0.47744396177237186 0.40414598540145985 0.46796090356211995 0.4123618352450469 0.4611120764552563 0.40161835245046923 0.44794092093831456 0.38708237747653806 0.4263405734144223 0.376970802919708 0.39578366637706347 0.3655954118873827 0.36417289313640316 0.3573795620437956 0.348894874022589 0.35295620437956204 0.3441529105125977 0.3219895724713243 0.35574370112945264 0.29671011470281544 0.35732406602953953 0.28786339937434824 0.3441529105125977 0.23856934306569344 0.35468983492615114 0.21834619395203336 0.3536359687228497 0.20507507820646506 0.35310947002606424
4 0.15168925964546404 0.5779504778453519 0.20566319082377477 0.584981754995656 0.21637956204379563 0.584981754995656 0.21696350364963504 0.5926159860990443 0.2048832116788321 0.595377932232841 0.15305318039624607 0.589529973935708
4 0.6821647549530762 0.6348166811468289 0.7454911366006257 0.6401772371850565 0.7488029197080291 0.6419643788010425 0.7517257559958289 0.6471624674196351 0.7546485922836288 0.6489487402258906 0.7540636079249219 0.6528470894874023 0.7478289885297185 0.652522154648132 0.6823597497393118 0.6458627280625543
5 0.8022241918665276 0.3728375325803649 0.7711741397288843 0.3805647263249348 0.6891438998957248 0.4620842745438749 0.6784848800834202 0.4860382276281494 0.6798748696558915 0.5099913119026933 0.6845088633993743 0.5161728931364031 0.699339937434828 0.5188774978279757 0.7234389989572472 0.5146281494352737 0.7470740354535974 0.5026507384882711 0.7503190823774766 0.4508801042571676 0.7568070907194995 0.4373579496090356 0.7619051094890511 0.4273127715030408 0.7730271115745568 0.41649522154648133 0.8179812304483837 0.4072224152910513 0.8170552659019813 0.38210947002606427
7 0.13395411887382688 0.516162467419635 0.14919395203336808 0.5214126846220677 0.3513274244004171 0.5370147697654214 0.4523941605839416 0.5477141615986099 0.7363441084462983 0.5735699391833188 0.7443649635036497 0.5695577758470896 0.7475735140771637 0.5410269331016507 0.7481084462982274 0.5022432667245873 0.7251147028154328 0.513388357949609 0.7031897810218979 0.5191833188531711 0.687681960375391 0.5151711555169418 0.6796611053180396 0.5080390964378801 0.6785912408759124 0.4866411815812337 0.412822732012513 0.4639061685490878 0.3994546402502607 0.4692554300608167 0.3812732012513035 0.4692554300608167 0.2630948905109489 0.4803996524761078 0.25721272158498437 0.4746046915725456 0.2630948905109489 0.46970112945264986 0.2604212721584984 0.46791833188531706 0.2427747653806048 0.46658036490008686 0.2299405630865485 0.47326759339704605 0.20106465067778936 0.4746046915725456 0.19036913451511991 0.4746046915725456 0.19090406673618351 0.4674717636837532 0.13047758081334723 0.48396611642050386 0.12994264859228363 0.5174005212858385
2 0.13956830031282585 0.5181668114682885 0.13154744525547446 0.5231954821894005 0.13363816475495308 0.5766907037358818 0.14807612095933265 0.5775821025195482 0.7424400417101147 0.6404378801042572 0.7472523461939521 0.6391007819287576 0.7472523461939521 0.5757984361424848 0.7151678832116788 0.5713405734144222
0 0.08342022940563086 0.40312771503040834 0.08759124087591241 0.5456125108601216 0.09176225234619395 0.5647263249348393 0.09801876955161627 0.575152041702867 0.10740354535974973 0.580364900086881 0.12304483837330553 0.58123370981755 0.14494264859228362 0.575152041702867 0.15641293013555788 0.58123370981755 0.1543274244004171 0.5881841876629018 0.20229405630865485 0.5925282363162467 0.2127215849843587 0.5907906168549087 0.21689259645464026 0.5821025195482189 0.2273201251303441 0.5864465682015638 0.662148070907195 0.629887054735013 0.6840458811261731 0.6368375325803649 0.6850886339937435 0.6437880104257168 0.7716371220020855 0.6516072980017377 0.7935349322210636 0.6481320590790617 0.8706986444212722 0.6194613379669852 0.8905109489051095 0.6055603822762815 0.9051094890510949 0.5838401390095569 0.9113660062565172 0.5499565595134666 0.9155370177267987 0.42137271937445697 0.9040667361835245 0.4005212858384014 0.8905109489051095 0.39270199826238056 0.8425443169968717 0.38662033014769764 0.8154327424400417 0.38835794960903564 0.8018769551616267 0.37532580364900087 0.7612095933263816 0.3831450912250217 0.7559958289885297 0.3796698523023458 0.7142857142857143 0.3796698523023458 0.36287799791449427 0.35708079930495223 0.3555787278415016 0.3483927019982624 0.3180396246089677 0.35534317984361424 0.29718456725756 0.35447437011294525 0.2867570385818561 0.3475238922675934 0.27632950990615224 0.3475238922675934 0.24504692387904067 0.3536055603822763 0.15328467153284672 0.3509991311902693 0.1397288842544317 0.37011294526498695 0.11366006256517205 0.37271937445699393 0.09176225234619395 0.3796698523023458