5 0.184 0.2704 0.184 0.3088 0.2112 0.4224 0.24 0.4912 0.256 0.5024 0.2728 0.5024 0.312 0.4512 0.3128 0.424 0.3024 0.3712 0.276 0.2944 0.2568 0.2528 0.2512 0.248 0.2392 0.2576
5 0.7056 0.4416 0.7056 0.4576 0.7104 0.4656 0.728 0.4704 0.764 0.504 0.7752 0.504 0.7904 0.4736 0.8312 0.352 0.8424 0.2928 0.8424 0.2736 0.8376 0.2672 0.8088 0.2672 0.7912 0.2576 0.7608 0.2608 0.7256 0.3584
1 0.2384 0.1952 0.2392 0.248 0.2512 0.2464 0.2712 0.2768 0.308 0.3888 0.3144 0.4288 0.3136 0.4496 0.3232 0.4544 0.42 0.448 0.5928 0.4496 0.5992 0.4448 0.6272 0.4544 0.7 0.4512 0.7464 0.2832 0.7656 0.256 0.7832 0.2544 0.7856 0.2336 0.7848 0.1712 0.78 0.1536 0.776 0.1504 0.6168 0.1504 0.608 0.152 0.6024 0.1616 0.588 0.1504 0.432 0.1504 0.4152 0.1664 0.4064 0.152 0.2704 0.1488 0.244 0.1568 0.24 0.1664
6 0.1312 0.4032 0.1336 0.7872 0.136 0.8 0.144 0.8032 0.192 0.8016 0.1944 0.6336 0.1904 0.528 0.2016 0.4896 0.2024 0.416 0.2008 0.3904 0.1872 0.3232 0.1768 0.3104 0.1432 0.344 0.1336 0.3712
3 0.824 0.3856 0.824 0.4928 0.8304 0.52 0.8312 0.5384 0.8288 0.7904 0.8328 0.8016 0.8448 0.8048 0.888 0.8 0.8904 0.7728 0.8928 0.3824 0.8848 0.3568 0.8648 0.3216 0.856 0.312 0.8432 0.3104 0.8384 0.3168
7 0.1936 0.5168 0.1944 0.6224 0.1992 0.6384 0.38 0.6336 0.8176 0.6416 0.8256 0.64 0.8288 0.6272 0.8304 0.5344 0.8264 0.5088 0.8216 0.5008 0.7896 0.4832 0.7744 0.5072 0.7608 0.5072 0.7336 0.4784 0.7088 0.4688 0.7008 0.4576 0.5944 0.4528 0.324 0.4576 0.3096 0.4624 0.2688 0.5072 0.2272 0.4896 0.2032 0.4976
4 0.40933600000000003 0.753024 0.8186640000000001 0.090928
2 0.1944 0.6608 0.1944 0.8032 0.7832 0.8032 0.8256 0.8016 0.828 0.7952 0.828 0.688 0.8248 0.6464 0.7024 0.6416 0.2056 0.6432 0.196 0.6464
4 0.1416 0.8064 0.148 0.8736 0.1744 0.8688 0.1824 0.8064
4 0.844 0.8048 0.8408 0.8064 0.8408 0.816 0.848 0.8688 0.8504 0.8736 0.876 0.8736 0.8816 0.8064
0 0.132 0.384 0.1312 0.7712 0.1328 0.8 0.1416 0.8192 0.1488 0.872 0.1744 0.8688 0.18 0.8176 0.184 0.8048 0.1904 0.8032 0.8312 0.8016 0.8416 0.8192 0.8464 0.8384 0.8488 0.8704 0.8744 0.8736 0.88 0.8176 0.8832 0.8048 0.8896 0.7984 0.892 0.376 0.8696 0.328 0.8408 0.2976 0.8424 0.2752 0.8392 0.2688 0.8104 0.2688 0.7936 0.2576 0.7856 0.2352 0.7848 0.1664 0.7776 0.1504 0.252 0.1488 0.2448 0.1536 0.2392 0.1664 0.2368 0.2448 0.22 0.2624 0.1864 0.2688 0.1832 0.2736 0.1832 0.3008 0.1776 0.312 0.1456 0.3408 0.1368 0.3568