0 0.09854050073637703 0.26877493606138103 0.10148600883652431 0.40432480818414324 0.0897039764359352 0.4401304347826087 0.0970677466863034 0.4478030690537085 0.09854050073637703 0.4793452685421995 0.10001325478645068 0.7163452685421995 0.0941222385861561 0.7444782608695653 0.10148600883652431 0.7674961636828644 0.10148600883652431 0.8493375959079285 0.1088497790868925 0.8646828644501279 0.1250500736377025 0.8621253196930947 0.12946833578792344 0.8518951406649616 0.1250500736377025 0.8160895140664962 0.13830486008836526 0.7853989769820972 0.20016053019145802 0.8263196930946292 0.2148880706921944 0.8493375959079285 0.2193063328424153 0.9056035805626599 0.2148880706921944 0.9414092071611253 0.2222518409425626 0.9567544757033248 0.23697938144329897 0.9567544757033248 0.2458159057437408 0.9439667519181586 0.2428703976435935 0.8902583120204604 0.24728865979381442 0.8391074168797954 0.2605434462444772 0.8314347826086956 0.8128262150220913 0.7240179028132993 0.8334447717231223 0.7777263427109975 0.8334447717231223 0.8109744245524297 0.8481723122238586 0.8160895140664962 0.8555360824742267 0.8007442455242967 0.862899852724595 0.7035575447570332 0.8525905743740795 0.6882122762148338 0.8540633284241531 0.5833529411764706 0.8452268041237113 0.5552199488491049 0.8246082474226804 0.5424322250639386 0.8231354933726067 0.42478516624040924 0.8378630338733432 0.4171125319693095 0.7598070692194403 0.40176726342711 0.7023696612665685 0.40176726342711 0.6846966126656848 0.3659616368286445 0.675860088365243 0.26877493606138103 0.6611325478645066 0.23808439897698208 0.12652282768777615 0.23041176470588234 0.10443151693667159 0.24064194373401532
1 0.101620029455081 0.24552429667519182 0.10014727540500737 0.4194373401534527 0.16936671575846834 0.4373401534526854 0.20765832106038293 0.43478260869565216 0.22827687776141384 0.4475703324808184 0.2341678939617084 0.47058823529411764 0.21944035346097202 0.5012787723785166 0.22385861561119294 0.5575447570332481 0.6892488954344624 0.5115089514066496 0.6818851251840943 0.319693094629156 0.6701030927835051 0.2557544757033248 0.658321060382916 0.24040920716112532 0.31516936671575846 0.23017902813299232 0.13107511045655376 0.23273657289002558
2 0.09572901325478646 0.7391304347826086 0.101620029455081 0.7595907928388747 0.20176730486008837 0.8337595907928389 0.2268041237113402 0.8414322250639387 0.7334315169366715 0.7442455242966752 0.7687776141384389 0.7340153452685422 0.7687776141384389 0.7212276214833759 0.24594992636229748 0.8132992327365729 0.19293078055964655 0.8005115089514067 0.13843888070692195 0.7544757033248082
4 0.101620029455081 0.7698209718670077 0.101620029455081 0.8593350383631714 0.10898379970544919 0.8695652173913043 0.12223858615611193 0.8670076726342711 0.12812960235640647 0.8542199488491049 0.12371134020618557 0.8260869565217391 0.12665684830633284 0.7851662404092071
7 0.13843888070692195 0.6930946291560103 0.1325478645066274 0.7033248081841432 0.13549337260677466 0.7416879795396419 0.17378497790868924 0.7672634271099744 0.17083946980854198 0.7135549872122762
7 0.1325478645066274 0.6138107416879796 0.13549337260677466 0.6547314578005116 0.15758468335787923 0.6726342710997443 0.1723122238586156 0.6726342710997443 0.17083946980854198 0.5703324808184144 0.13696612665684832 0.5907928388746803
7 0.20176730486008837 0.6572890025575447 0.20471281296023564 0.7928388746803069 0.21649484536082475 0.8056265984654731 0.24300441826215022 0.8107416879795396 0.8483063328424153 0.6982097186700768 0.8512518409425626 0.59846547314578 0.845360824742268 0.5652173913043478 0.8291605301914581 0.5498721227621484 0.6745213549337261 0.5191815856777494 0.6377025036818851 0.5217391304347826 0.22385861561119294 0.5626598465473146 0.21944035346097202 0.5703324808184144 0.22091310751104565 0.5959079283887468
3 0.6892488954344624 0.40153452685422 0.6863033873343152 0.41687979539641945 0.6966126656848306 0.5166240409207161 0.7083946980854198 0.5166240409207161 0.7304860088365243 0.4833759590792839 0.7614138438880707 0.4884910485933504 0.780559646539028 0.4936061381074169 0.7893961708394698 0.5345268542199488 0.8188512518409425 0.5370843989769821 0.8144329896907216 0.4475703324808184 0.8365243004418262 0.4296675191815857 0.8379970544918999 0.4143222506393862
2 0.7746686303387335 0.7186700767263428 0.8555360824742267 0.7068132992327365 0.8527245949926362 0.7212276214833759 0.8501811487481591 0.7254117647058824 0.7738659793814434 0.7416879795396419
4 0.8306332842415317 0.7289002557544757 0.833578792341679 0.7800511508951407 0.8291605301914581 0.80306905370844 0.833578792341679 0.8158567774936062 0.845360824742268 0.8184143222506394 0.8541973490427098 0.80306905370844 0.8497790868924889 0.7800511508951407 0.8527245949926362 0.7263427109974424
6 0.0898379970544919 0.4296675191815857 0.08836524300441827 0.44501278772378516 0.09425625920471281 0.4475703324808184 0.09867452135493372 0.4731457800511509 0.101620029455081 0.7365728900255755 0.12371134020618557 0.7442455242966752 0.12960235640648013 0.7365728900255755 0.12665684830633284 0.7186700767263428 0.14138438880706922 0.690537084398977 0.15463917525773196 0.6982097186700768 0.17083946980854198 0.7084398976982097 0.17673048600883653 0.7263427109974424 0.1796759941089838 0.7851662404092071 0.19882179675994108 0.7953964194373402 0.19882179675994108 0.6470588235294118 0.21796759941089838 0.6061381074168798 0.21796759941089838 0.47570332480818417 0.2268041237113402 0.4680306905370844 0.2268041237113402 0.45524296675191817
4 0.21649484536082475 0.8465473145780051 0.21354933726067746 0.8644501278772379 0.22091310751104565 0.9130434782608695 0.21502209131075112 0.9411764705882353 0.22091310751104565 0.9565217391304348 0.2341678939617084 0.959079283887468 0.24447717231222385 0.9411764705882353 0.24005891016200295 0.9028132992327366 0.24447717231222385 0.8491048593350383