5 0.11197916666666667 0.05804111245465538 0.15885416666666666 0.07496977025392987 0.20833333333333334 0.07496977025392987 0.2734375 0.05562273276904474 0.3255208333333333 0.041112454655380895 0.3515625 0.026602176541717048 0.3645833333333333 0.05078597339782346 0.3684895833333333 0.10882708585247884 0.3971354166666667 0.2418379685610641 0.4205729166666667 0.3385731559854897 0.44140625 0.37726723095526 0.44921875 0.39903264812575573 0.43359375 0.40386940749697703 0.3098958333333333 0.4207980652962515 0.3098958333333333 0.3047158403869408 0.2877604166666667 0.28536880290205563 0.1484375 0.24667472793228537 0.10807291666666667 0.09673518742442563
5 0.3671875 0.04836759371221282 0.4192708333333333 0.060459492140266025 0.4895833333333333 0.04836759371221282 0.53125 0.016928657799274487 0.54296875 0.041112454655380895 0.5690104166666666 0.1523579201934704 0.5729166666666666 0.19105199516324062 0.578125 0.21765417170495768 0.58984375 0.24667472793228537 0.6145833333333334 0.3675937122128174 0.6015625 0.37968561064087064 0.4661458333333333 0.4014510278113664 0.4479166666666667 0.3893591293833132 0.4205729166666667 0.32889963724304716 0.4036458333333333 0.23458282950423218 0.3736979166666667 0.11124546553808948 0.3619791666666667 0.07013301088270858 0.3645833333333333 0.060459492140266025
5 0.54296875 0.016928657799274487 0.5611979166666666 0.02176541717049577 0.6041666666666666 0.036275695284159616 0.67578125 0.036275695284159616 0.7122395833333334 0.016928657799274487 0.72265625 0.012091898428053204 0.7356770833333334 0.04836759371221282 0.7526041666666666 0.14026602176541716 0.7643229166666666 0.1596130592503023 0.7708333333333334 0.2079806529625151 0.7955729166666666 0.309552599758162 0.80859375 0.34099153567110035 0.7981770833333334 0.35308343409915355 0.7513020833333334 0.3482466747279323 0.6796875 0.36275695284159615 0.625 0.37726723095526 0.6223958333333334 0.3603385731559855 0.6015625 0.29020556227327693 0.5768229166666666 0.20314389359129384
1 0.14322916666666666 0.23941958887545345 0.13020833333333334 0.2418379685610641 0.06770833333333333 0.22249093107617895 0.06770833333333333 0.06771463119709795 0.08072916666666667 0.05078597339782346 0.3502604166666667 0.019347037484885126 0.54296875 0.009673518742442563 0.6848958333333334 0.0048367593712212815 0.7005208333333334 0.0048367593712212815 0.7096354166666666 0.016928657799274487 0.66796875 0.036275695284159616 0.5794270833333334 0.02902055622732769 0.5442708333333334 0.007255139056831923 0.5299479166666666 0.012091898428053204 0.4947916666666667 0.04836759371221282 0.4518229166666667 0.053204353083434096 0.3958333333333333 0.05562273276904474 0.3541666666666667 0.036275695284159616 0.3450520833333333 0.026602176541717048 0.328125 0.041112454655380895 0.2799479166666667 0.05804111245465538 0.23958333333333334 0.06287787182587666 0.21223958333333334 0.07255139056831923 0.15494791666666666 0.07255139056831923 0.11458333333333333 0.05562273276904474 0.10677083333333333 0.06287787182587666
3 0.7669270833333334 0.154776299879081 0.9153645833333334 0.17654171704957677 0.9713541666666666 0.1837968561064087 0.9934895833333334 0.20556227327690446 0.99609375 0.24667472793228537 0.9934895833333334 0.7037484885126964 0.9830729166666666 0.7182587666263603 0.9479166666666666 0.7230955259975816 0.94921875 0.4014510278113664 0.92578125 0.38694074969770254 0.8059895833333334 0.35308343409915355 0.7604166666666666 0.16928657799274485
6 0.06770833333333333 0.2249093107617896 0.2838541666666667 0.2877871825876663 0.30859375 0.3143893591293833 0.3059895833333333 0.9238210399032648 0.24479166666666666 0.9407496977025392 0.010416666666666666 0.8101571946795647 0.00390625 0.2708585247883918 0.01171875 0.24425634824667472 0.0234375 0.23458282950423218
7 0.3098958333333333 0.43047158403869407 0.4544270833333333 0.4014510278113664 0.6197916666666666 0.37726723095526 0.7122395833333334 0.35792019347037485 0.8072916666666666 0.35792019347037485 0.90234375 0.37968561064087064 0.94921875 0.40386940749697703 0.94921875 0.5175332527206772 0.3059895833333333 0.694074969770254
2 0.30859375 0.6989117291414753 0.9479166666666666 0.5151148730350665 0.9453125 0.727932285368803 0.3072916666666667 0.9286577992744861
4 0.036458333333333336 0.8295042321644498 0.07552083333333333 0.848851269649335 0.078125 0.8730350665054414 0.0625 0.8827085852478839 0.0390625 0.8802902055622733
4 0.23177083333333334 0.9407496977025392 0.2708333333333333 0.9383313180169287 0.26953125 0.9915356711003628 0.2526041666666667 0.9987908101571947 0.23046875 0.9939540507859734
4 0.9348958333333334 0.7351874244256348 0.94921875 0.727932285368803 0.96875 0.7182587666263603 0.9661458333333334 0.7714631197097944 0.9322916666666666 0.7714631197097944
0 0.0703125 0.06287787182587666 0.08984375 0.05078597339782346 0.6953125 0 0.7122395833333334 0.012091898428053204 0.7239583333333334 0.014510278113663845 0.7591145833333334 0.1523579201934704 0.9609375 0.18137847642079807 0.9986979166666666 0.21039903264812576 0.9934895833333334 0.7037484885126964 0.9817708333333334 0.7158403869407497 0.9661458333333334 0.720677146311971 0.9635416666666666 0.7714631197097944 0.9348958333333334 0.7714631197097944 0.9348958333333334 0.7327690447400241 0.26953125 0.9359129383313181 0.2734375 0.9891172914147521 0.25390625 0.9987908101571947 0.23046875 0.9939540507859734 0.23046875 0.9407496977025392 0.078125 0.848851269649335 0.07682291666666667 0.8730350665054414 0.059895833333333336 0.8827085852478839 0.0390625 0.875453446191052 0.0390625 0.8246674727932285 0.01171875 0.8029020556227328 0.00390625 0.26118500604594924 0.014322916666666666 0.23458282950423218 0.06901041666666667 0.22732769044740025