5 0.15083333333333335 0.5183333333333333 0.15 0.5266666666666666 0.1725 0.5908333333333333 0.1675 0.62 0.17 0.6258333333333334 0.25083333333333335 0.6183333333333333 0.27166666666666667 0.6191666666666666 0.27416666666666667 0.6166666666666667 0.2791666666666667 0.59 0.2675 0.5316666666666666 0.27416666666666667 0.5275 0.2866666666666667 0.5283333333333333 0.2891666666666667 0.5258333333333334 0.285 0.5108333333333334 0.225 0.52
5 0.26916666666666667 0.5308333333333334 0.2833333333333333 0.5916666666666667 0.27666666666666667 0.6191666666666666 0.2791666666666667 0.6233333333333333 0.36333333333333334 0.63 0.38 0.6291666666666667 0.4008333333333333 0.6225 0.40166666666666667 0.6058333333333333 0.3825 0.5558333333333333 0.3858333333333333 0.5433333333333333 0.39666666666666667 0.54 0.395 0.5316666666666666 0.3480558333333333 0.5341666666666667
5 0.3858333333333333 0.5441666666666667 0.38333333333333336 0.5533333333333333 0.4041666666666667 0.6058333333333333 0.4091666666666667 0.6275 0.5158333333333334 0.6191666666666666 0.5258333333333334 0.6158333333333333 0.49083333333333334 0.5366666666666666
5 0.5633333333333334 0.5633333333333334 0.5583333333333333 0.6 0.5525 0.6141666666666666 0.555 0.6191666666666666 0.6225 0.63 0.6891666666666667 0.6241666666666666 0.695 0.62 0.69 0.5883333333333334 0.6966666666666667 0.5566666666666666 0.6925 0.5533333333333333 0.5883333333333334 0.5558333333333333 0.5691666666666667 0.5525
5 0.6708333333333333 0.5266666666666666 0.675 0.55 0.6933333333333334 0.5508333333333333 0.6975 0.555 0.6916666666666667 0.6 0.6983333333333334 0.6191666666666666 0.8183333333333334 0.6191666666666666 0.8191666666666667 0.615 0.8116666666666666 0.6008333333333333 0.8091666666666667 0.5725 0.8175 0.5325 0.815 0.5266666666666666
1 0.17083333333333334 0.5066666666666667 0.17166666666666666 0.515 0.20166666666666666 0.5183333333333333 0.2833333333333333 0.5083333333333333 0.28833333333333333 0.5141666666666667 0.2925 0.5291666666666667 0.3358333333333333 0.5325 0.38625 0.5291666666666667 0.3975 0.5333333333333333 0.39916666666666667 0.54 0.4033333333333333 0.5416666666666666 0.49 0.535 0.4975 0.545 0.5225 0.605 0.5291666666666667 0.6158333333333333 0.5391666666666667 0.6175 0.5475 0.6175 0.5541666666666667 0.6066666666666667 0.5625 0.5591666666666667 0.5716666666666667 0.5508333333333333 0.6333333333333333 0.555 0.6666666666666666 0.5508333333333333 0.6733333333333333 0.54 0.6708333333333333 0.53 0.6775 0.5258333333333334 0.7616666666666667 0.5275 0.8066666666666666 0.525 0.82 0.5383333333333333 0.8108333333333333 0.5666666666666667 0.8166666666666667 0.5941666666666666 0.8241666666666667 0.5858333333333333 0.825 0.5783333333333334 0.8391666666666666 0.5558333333333333 0.845 0.5516666666666666 0.8458333333333333 0.5141666666666667 0.8433333333333334 0.5083333333333333 0.8383333333333334 0.5075 0.8333333333333334 0.5133333333333333 0.8275 0.5141666666666667 0.8233333333333334 0.505 0.8183333333333334 0.5041666666666667 0.4025 0.5025 0.3908333333333333 0.505 0.37916666666666665 0.5016666666666667 0.2708333333333333 0.505 0.195 0.5033333333333333
6 0.0725 0.6025 0.06333333333333334 0.6741666666666667 0.05416666666666667 0.6991666666666667 0.056666666666666664 0.7008333333333333 0.06416666666666666 0.6991666666666667 0.06583333333333333 0.6783333333333333 0.07416666666666667 0.6641666666666667 0.085 0.655 0.10166666666666667 0.645 0.11166666666666666 0.645 0.16333333333333333 0.6266666666666667 0.16916666666666666 0.5908333333333333 0.1575 0.5566666666666666 0.1425 0.5575 0.11583333333333333 0.5641666666666667 0.08083333333333333 0.5841666666666666
3 0.8275 0.5891666666666666 0.8266666666666667 0.6133333333333333 0.83 0.62 0.8991666666666667 0.6458333333333334 0.9266666666666666 0.6633333333333333 0.9325 0.6708333333333333 0.9241666666666667 0.5983333333333334 0.9141666666666667 0.58 0.8941666666666667 0.5666666666666667 0.8516666666666667 0.5583333333333333 0.8358333333333333 0.5641666666666667
7 0.06833333333333333 0.6733333333333333 0.06916666666666667 0.705 0.1075 0.7108333333333333 0.56 0.7108333333333333 0.63 0.7091666666666666 0.6458333333333334 0.705 0.6641666666666667 0.7091666666666666 0.7216666666666667 0.7108333333333333 0.9091666666666667 0.71 0.9275 0.7033333333333334 0.9333333333333333 0.6958333333333333 0.9341666666666667 0.6858333333333333 0.9291666666666667 0.665 0.915 0.6541666666666667 0.8891666666666667 0.6408333333333334 0.8233333333333334 0.6208333333333333 0.7108333333333333 0.62 0.6158333333333333 0.635 0.59 0.625 0.5516666666666666 0.6183333333333333 0.5233333333333333 0.6183333333333333 0.44666666666666666 0.6241666666666666 0.42 0.6291666666666667 0.4041666666666667 0.6283333333333333 0.38333333333333336 0.6391666666666667 0.37333333333333335 0.64 0.3416666666666667 0.6283333333333333 0.2808333333333333 0.625 0.26166666666666666 0.6208333333333333 0.20916666666666667 0.6233333333333333 0.16083333333333333 0.6283333333333333 0.12166666666666667 0.6416666666666667 0.085 0.6566666666666666 0.07083333333333333 0.6658333333333334
2 0.028333333333333332 0.7125 0.02666666666666667 0.7208333333333333 0.03 0.7275 0.09583333333333334 0.7341666666666666 0.10666666666666667 0.7391666666666666 0.1125 0.7483333333333333 0.11833333333333333 0.7466666666666667 0.11916666666666667 0.7491666666666666 0.17666666666666667 0.7475 0.18833333333333332 0.7441666666666666 0.19666666666666666 0.7475 0.2758333333333333 0.7458333333333333 0.3383333333333333 0.7491666666666666 0.8625 0.7475 0.8708333333333333 0.7366666666666667 0.8841666666666667 0.7308333333333333 0.8916666666666667 0.7325 0.8933333333333333 0.7358333333333333 0.9066666666666666 0.7316666666666667 0.9325 0.7308333333333333 0.9366666666666666 0.7291666666666666 0.9408333333333333 0.72 0.9633333333333334 0.7183333333333334 0.9666666666666667 0.715 0.9558333333333333 0.7141666666666666 0.94 0.7008333333333333 0.9341666666666667 0.7025 0.93 0.7091666666666666 0.9116666666666666 0.7133333333333334 0.7525 0.715 0.6575 0.7116666666666667 0.11666666666666667 0.7125 0.0775 0.7091666666666666 0.06333333333333334 0.6991666666666667 0.0525 0.6991666666666667
4 0.10583333333333333 0.74 0.10583333333333333 0.7491666666666666 0.08666666666666667 0.785 0.08916666666666667 0.79 0.09833333333333333 0.7875 0.13416666666666666 0.7475 0.1325 0.7433333333333333 0.1225 0.7383333333333333 0.10833333333333334 0.7375
4 0.865 0.7441666666666666 0.8633333333333333 0.7475 0.8966666666666666 0.7883333333333333 0.9108333333333334 0.7908333333333334 0.9116666666666666 0.7858333333333334 0.9016666666666666 0.77 0.8883333333333333 0.7366666666666667 0.8783333333333333 0.7358333333333333
0 0.02666666666666667 0.715 0.0275 0.725 0.035833333333333335 0.73 0.085 0.7325 0.10333333333333333 0.7383333333333333 0.10583333333333333 0.7516666666666667 0.10166666666666667 0.7666666666666667 0.09416666666666666 0.775 0.09833333333333333 0.7858333333333334 0.09916666666666667 0.7816666666666666 0.10583333333333333 0.7791666666666667 0.12333333333333334 0.7591666666666667 0.13833333333333334 0.7475 0.30416666666666664 0.7466666666666667 0.33416666666666667 0.75 0.5966666666666667 0.7475 0.6016666666666667 0.75 0.6591666666666667 0.75 0.6741666666666667 0.7458333333333333 0.7366666666666667 0.7483333333333333 0.7716666666666666 0.7458333333333333 0.7816666666666666 0.7483333333333333 0.8591666666666666 0.7491666666666666 0.8675 0.7533333333333333 0.8958333333333334 0.7875 0.9025 0.7916666666666666 0.9108333333333334 0.79 0.9116666666666666 0.7858333333333334 0.8983333333333333 0.7641666666666667 0.8925 0.7491666666666666 0.8933333333333333 0.74 0.91 0.7316666666666667 0.9566666666666667 0.7291666666666666 0.9683333333333334 0.725 0.97 0.7208333333333333 0.9683333333333334 0.71 0.945 0.6966666666666667 0.9341666666666667 0.675 0.9258333333333333 0.6108333333333333 0.9183333333333333 0.5841666666666666 0.8908333333333334 0.5633333333333334 0.8541666666666666 0.5575 0.845 0.5508333333333333 0.8466666666666667 0.5108333333333334 0.8441666666666666 0.5058333333333334 0.8208333333333333 0.5025 0.6958333333333333 0.5016666666666667 0.6166666666666667 0.5041666666666667 0.6058333333333333 0.5016666666666667 0.2841666666666667 0.5008333333333334 0.17166666666666666 0.5041666666666667 0.16833333333333333 0.5166666666666667 0.14916666666666667 0.5183333333333333 0.15916666666666668 0.55 0.1475 0.5591666666666667 0.1125 0.5641666666666667 0.10083333333333333 0.5741666666666667 0.07833333333333334 0.585 0.06 0.6841666666666667 0.04666666666666667 0.7033333333333334