5 0.2502606882168926 0.3779322328410078 0.12252346193952034 0.38662033014769764 0.12773722627737227 0.4604691572545613 0.2711157455683003 0.43874891398783666
5 0.8368091762252347 0.4018245004344049 0.7403545359749739 0.4192006950477845 0.7221063607924921 0.48653344917463076 0.7481751824817519 0.4952215464813206 0.7559958289885297 0.4539530842745439 0.8420229405630866 0.4322328410078193
1 0.27632950990615224 0.34317984361424847 0.87851929092805 0.36055603822762816 0.9045881126173096 0.3735881841876629 0.8889468196037539 0.4300608166811468 0.8550573514077163 0.42788879235447436 0.8524504692387904 0.4018245004344049 0.735140771637122 0.4105125977410947 0.7168925964546402 0.4669852302345786 0.2789363920750782 0.43874891398783666 0.26329509906152243 0.3887923544743701
7 0.2737226277372263 0.4430929626411816 0.7116788321167883 0.46915725456125107 0.7247132429614181 0.501737619461338 0.7586027111574557 0.5082536924413553 0.7559958289885297 0.5625543006081668 0.09645464025026068 0.5212858384013901 0.1173096976016684 0.4604691572545613
3 0.9150156412930136 0.43874891398783666 0.8550573514077163 0.4322328410078193 0.7664233576642335 0.45612510860121636 0.7612095933263816 0.6016507384882711 0.7950990615224192 0.605994787141616 0.9150156412930136 0.5668983492615117
6 0.1173096976016684 0.4192006950477845 0.08602711157455684 0.4192006950477845 0.08342022940563086 0.5473501303214596 0.10688216892596454 0.5473501303214596 0.09906152241918666 0.5125977410947002 0.1251303441084463 0.45178105994787143
2 0.09906152241918666 0.525629887054735 0.7533889468196038 0.5603822762814944 0.7507820646506778 0.6038227628149435 0.08602711157455684 0.5430060816681147
4 0.7273201251303442 0.605994787141616 0.7481751824817519 0.605994787141616 0.7429614181438999 0.6472632493483927 0.7299270072992701 0.6472632493483927
4 0.145985401459854 0.5582102519548219 0.16423357664233576 0.5560382276281495 0.1616266944734098 0.5951346655082537 0.14337851929092804 0.5951346655082537
4 0.2737226277372263 0.5647263249348393 0.29457768508863397 0.5625543006081668 0.291970802919708 0.5842745438748914
4 0.5291970802919708 0.5886185925282363 0.5474452554744526 0.5886185925282363 0.5448383733055265 0.610338835794961
4 0.8524504692387904 0.5929626411815813 0.8289885297184567 0.5951346655082537 0.8368091762252347 0.6211989574283232 0.8602711157455682 0.6233709817549956
0 0.08029197080291971 0.42484795829713295 0.08237747653806048 0.5430060816681147 0.09176225234619395 0.5482189400521286 0.14077163712200208 0.5490877497827976 0.1480709071949948 0.5595134665508253 0.1470281543274244 0.5881841876629018 0.15119916579770595 0.5977410947002606 0.15849843587069865 0.5925282363162467 0.15849843587069865 0.5612510860121633 0.1678832116788321 0.5516941789748045 0.27007299270072993 0.5595134665508253 0.27528675703858185 0.5612510860121633 0.278415015641293 0.5742832319721981 0.3034410844629823 0.5612510860121633 0.5203336809176226 0.580364900086881 0.5255474452554745 0.5838401390095569 0.529718456725756 0.5977410947002606 0.5370177267987487 0.5960034752389227 0.5411887382690302 0.582971329278888 0.6266944734098019 0.5890529973935708 0.7247132429614181 0.5994787141615986 0.7288842544316997 0.6046915725456126 0.7299270072992701 0.6472632493483927 0.7320125130344108 0.6507384882710686 0.7393117831074035 0.6516072980017377 0.7424400417101147 0.6481320590790617 0.7413972888425443 0.6099044309296264 0.835245046923879 0.6077324066029539 0.835245046923879 0.6177237185056472 0.8425443169968717 0.6211989574283232 0.8456725755995829 0.6194613379669852 0.8456725755995829 0.5942658557775847 0.8508863399374348 0.5890529973935708 0.9040667361835245 0.575152041702867 0.913451511991658 0.5699391833188532 0.9165797705943691 0.5621198957428323 0.9197080291970803 0.4413553431798436 0.9176225234619395 0.43527367506516074 0.8905109489051095 0.4283231972198089 0.8978102189781022 0.37185056472632494 0.8748696558915537 0.36055603822762816 0.291970802919708 0.34057341442224154 0.2711157455683003 0.34578627280625546 0.2586027111574557 0.3796698523023458 0.24087591240875914 0.37619461337966986 0.20750782064650677 0.3822762814943527 0.12304483837330553 0.38835794960903564 0.11991657977059438 0.39270199826238056 0.12304483837330553 0.40660295395308427 0.11887382690302398 0.4135534317984361 0.08446298227320125 0.42050390964378803