5 0.2942708333333333 0.5052083333333334 0.2981770833333333 0.5182291666666666 0.2994791666666667 0.5423177083333334 0.2981770833333333 0.57421875 0.2903645833333333 0.6022135416666666 0.2916666666666667 0.6048177083333334 0.357421875 0.6028645833333334 0.3932291666666667 0.60546875 0.3893229166666667 0.587890625 0.3880208333333333 0.5436197916666666 0.39453125 0.5091145833333334 0.3938802083333333 0.5006510416666666 0.3502604166666667 0.5071614583333334 0.3170572916666667 0.5052083333333334 0.3014322916666667 0.5006510416666666 0.2962239583333333 0.5006510416666666
5 0.6087239583333334 0.5013020833333334 0.615234375 0.54296875 0.6145833333333334 0.5768229166666666 0.6087239583333334 0.6061197916666666 0.7109375 0.60546875 0.703125 0.5670572916666666 0.708984375 0.5013020833333334 0.7018229166666666 0.5 0.6783854166666666 0.5052083333333334 0.6477864583333334 0.505859375 0.61328125 0.4993489583333333
5 0.4524739583333333 0.5013020833333334 0.4563802083333333 0.5234375 0.4563802083333333 0.5885416666666666 0.451171875 0.60546875 0.4635416666666667 0.6067708333333334 0.4921875 0.603515625 0.556640625 0.60546875 0.5520833333333334 0.5813802083333334 0.5514322916666666 0.552734375 0.5579427083333334 0.5006510416666666 0.5533854166666666 0.4986979166666667 0.52734375 0.50390625 0.4993489583333333 0.5052083333333334 0.4791666666666667 0.50390625 0.4563802083333333 0.4986979166666667
0 0.17057291666666666 0.6106770833333334 0.169921875 0.6608072916666666 0.17513020833333334 0.6979166666666666 0.18489583333333334 0.7337239583333334 0.1953125 0.7467447916666666 0.19921875 0.759765625 0.203125 0.76171875 0.21940104166666666 0.7604166666666666 0.22721354166666666 0.74609375 0.234375 0.744140625 0.2978515625 0.7428385416666666 0.7688802083333334 0.7434895833333334 0.775390625 0.748046875 0.7747395833333334 0.7513020833333334 0.779296875 0.759765625 0.794921875 0.7610677083333334 0.8033854166666666 0.744140625 0.8111979166666666 0.7350260416666666 0.8177083333333334 0.7161458333333334 0.8255208333333334 0.6848958333333334 0.8294270833333334 0.6536458333333334 0.8287760416666666 0.6106770833333334 0.8248697916666666 0.5930989583333334 0.8118489583333334 0.578125 0.7721354166666666 0.5462239583333334 0.75 0.5384114583333334 0.7447916666666666 0.494140625 0.7376302083333334 0.4733072916666667 0.7122395833333334 0.4680989583333333 0.3072916666666667 0.4674479166666667 0.2688802083333333 0.4720052083333333 0.2610677083333333 0.4778645833333333 0.2526041666666667 0.5338541666666666 0.24934895833333334 0.5403645833333334 0.232421875 0.54296875 0.18359375 0.5807291666666666 0.17513020833333334 0.591796875
7 0.224609375 0.6432291666666666 0.22330729166666666 0.6790364583333334 0.216796875 0.6822916666666666 0.21614583333333334 0.6861979166666666 0.22981770833333334 0.6946614583333334 0.7669270833333334 0.6946614583333334 0.7727864583333334 0.6888020833333334 0.7740885416666666 0.6796875 0.7734375 0.654296875 0.7701822916666666 0.6399739583333334 0.7454427083333334 0.611328125 0.73828125 0.6048177083333334 0.7311197916666666 0.603515625 0.4212239583333333 0.6015625 0.3997395833333333 0.6041666666666666 0.3854166666666667 0.609375 0.3424479166666667 0.6061197916666666 0.2916666666666667 0.607421875 0.2721354166666667 0.6028645833333334 0.2591145833333333 0.60546875 0.236328125 0.6276041666666666
2 0.2314453125 0.69921875 0.22884114583333334 0.7044270833333334 0.22623697916666666 0.7291666666666666 0.224609375 0.7080078125 0.22786458333333334 0.7438151041666666 0.24967447916666666 0.7356770833333334 0.2783203125 0.7454427083333334 0.2626953125 0.7369791666666666 0.2757161458333333 0.7415364583333334 0.7574869791666666 0.7428385416666666 0.7659505208333334 0.7408854166666666 0.7698567708333334 0.7337239583333334 0.7692057291666666 0.7239583333333334 0.7666015625 0.7220052083333334 0.7679036458333334 0.6985677083333334 0.7620442708333334 0.6959635416666666 0.2294921875 0.6998697916666666
6 0.17057291666666666 0.6080729166666666 0.16861979166666666 0.638671875 0.17122395833333334 0.673828125 0.18489583333333334 0.7337239583333334 0.19270833333333334 0.7428385416666666 0.212890625 0.7428385416666666 0.21549479166666666 0.7415364583333334 0.21484375 0.73828125 0.22135416666666666 0.7369791666666666 0.22526041666666666 0.73046875 0.22591145833333334 0.708984375 0.22135416666666666 0.6803385416666666 0.22395833333333334 0.6419270833333334 0.22591145833333334 0.6360677083333334 0.2545572916666667 0.609375 0.2604166666666667 0.6009114583333334 0.2630208333333333 0.5865885416666666 0.26171875 0.5572916666666666 0.24869791666666666 0.541015625 0.240234375 0.5403645833333334 0.23046875 0.5436197916666666 0.18229166666666666 0.5813802083333334 0.17513020833333334 0.5924479166666666
3 0.7376302083333334 0.5631510416666666 0.7369791666666666 0.5813802083333334 0.740234375 0.6022135416666666 0.7708333333333334 0.634765625 0.7747395833333334 0.6471354166666666 0.7760416666666666 0.68359375 0.7734375 0.6953125 0.7734375 0.7408854166666666 0.7825520833333334 0.7447916666666666 0.8040364583333334 0.744140625 0.8098958333333334 0.7376302083333334 0.8177083333333334 0.716796875 0.828125 0.6705729166666666 0.830078125 0.6178385416666666 0.8255208333333334 0.5944010416666666 0.8125 0.5774739583333334 0.767578125 0.5423177083333334 0.7532552083333334 0.541015625
4 0.7747395833333334 0.7447916666666666 0.7688802083333334 0.748046875 0.7786458333333334 0.7623697916666666 0.7975260416666666 0.7630208333333334 0.7994791666666666 0.7610677083333334 0.8014322916666666 0.7447916666666666
4 0.1953125 0.744140625 0.19856770833333334 0.7623697916666666 0.22005208333333334 0.7630208333333334 0.22395833333333334 0.7604166666666666 0.22591145833333334 0.748046875 0.22395833333333334 0.7454427083333334
1 0.7568359375 0.5354817708333334 0.7356770833333334 0.46875 0.2652994791666667 0.4703776041666667 0.2555338541666667 0.498046875 0.25390625 0.537109375 0.2669270833333333 0.6005859375 0.2864583333333333 0.6022135416666666 0.2962239583333333 0.56640625 0.29296875 0.5094401041666666 0.29296875 0.4964192708333333 0.3287760416666667 0.5029296875 0.390625 0.4964192708333333 0.3889973958333333 0.5517578125 0.3971354166666667 0.6022135416666666 0.4524739583333333 0.6022135416666666 0.4606119791666667 0.5533854166666666 0.4524739583333333 0.5013020833333334 0.4899088541666667 0.5029296875 0.5403645833333334 0.4996744791666667 0.5615234375 0.4915364583333333 0.546875 0.5338541666666666 0.5533854166666666 0.5875651041666666 0.5598958333333334 0.6005859375 0.60546875 0.6005859375 0.6119791666666666 0.56640625 0.6119791666666666 0.52734375 0.6022135416666666 0.498046875 0.6298828125 0.4996744791666667 0.6656901041666666 0.5013020833333334 0.6998697916666666 0.4964192708333333 0.712890625 0.4931640625 0.7063802083333334 0.5322265625 0.7063802083333334 0.5729166666666666 0.7080078125 0.5973307291666666 0.732421875 0.6005859375 0.7421875 0.5582682291666666