0 0.895625 0.708125 0.898125 0.730625 0.904375 0.7475 0.929375 0.74875 0.93875 0.74625 0.94 0.723125 0.930625 0.713125 0.914375 0.708125
0 0.08625 0.4075 0.085 0.415625 0.093125 0.505625 0.08875 0.51375 0.04 0.514375 0.033125 0.51625 0.03125 0.519375 0.0325 0.525625 0.045625 0.53 0.048125 0.53734375 0.049375 0.5975 0.0475 0.703125 0.03375 0.709375 0.031875 0.715625 0.03625 0.72 0.04625 0.7225 0.04875 0.7275 0.05125 0.740625 0.05 0.759375 0.05875 0.803125 0.06375 0.814375 0.089375 0.8175 0.1125 0.81375 0.12375 0.77125 0.125 0.744375 0.129375 0.730625 0.1575 0.731875 0.1725 0.735 0.26875 0.7425 0.2825 0.74625 0.286875 0.76625 0.288125 0.7925 0.299375 0.836875 0.32 0.841875 0.349375 0.838125 0.355625 0.831875 0.365625 0.78875 0.368125 0.7475 0.380625 0.74125 0.480625 0.7275 0.508125 0.72625 0.515 0.723125 0.59125 0.715 0.636875 0.7075 0.64375 0.693125 0.644375 0.665 0.6475 0.65875 0.655625 0.65625 0.793125 0.641875 0.8575 0.6325 0.895 0.630625 0.9125 0.625625 0.94125 0.625 0.95625 0.62125 0.9575 0.616875 0.956875 0.556875 0.959375 0.505875 0.963125 0.4975 0.971875 0.494375 0.970625 0.48875 0.95125 0.485625 0.76375 0.48 0.758125 0.47625 0.7575 0.455 0.75875 0.43375 0.764375 0.41125 0.7625 0.400625 0.764375 0.39 0.746875 0.38875 0.715 0.399375 0.69375 0.39625 0.6975 0.3875 0.69375 0.353125 0.689375 0.345 0.678125 0.34 0.615 0.339375 0.1425 0.34875 0.120625 0.355 0.10875 0.363125 0.103125 0.376875 0.1025 0.401041875
4 0.673125 0.7075 0.67125 0.71 0.674375 0.725 0.67875 0.733125 0.71375 0.7325 0.718125 0.73125 0.72 0.7275 0.725625 0.7025 0.7225 0.7
0 0.661875 0.694375 0.660625 0.696875 0.663125 0.7025 0.66125 0.703125 0.664375 0.7025 0.671875 0.708125 0.6775 0.730625 0.681875 0.7325 0.7175 0.730625 0.724375 0.70375 0.7225 0.695625 0.70625 0.69125 0.668125 0.68875 0.665625 0.693125
5 0.1875 0.41 0.18875 0.445625 0.196875 0.476875 0.211875 0.515625 0.23375 0.51875 0.316875 0.521875 0.303125 0.465 0.290625 0.440625 0.289375 0.431875 0.26875 0.40375 0.26125 0.401875 0.239375 0.4175 0.199375 0.405 0.19125 0.40625
5 0.40375 0.395 0.4025 0.408125 0.405625 0.42875 0.42625 0.51625 0.426875 0.5325 0.42375 0.550625 0.4275 0.5575 0.43875 0.56 0.456875 0.5575 0.466875 0.554375 0.475625 0.544375 0.48125 0.541875 0.498125 0.54375 0.553125 0.54125 0.546875 0.52 0.54 0.463125 0.54125 0.4275 0.5375 0.398125 0.53375 0.39 0.52 0.390625 0.508125 0.4 0.488125 0.406875 0.463125 0.40625 0.456875 0.403125 0.445 0.4025 0.418125 0.3925 0.40875 0.3925
5 0.610625 0.386875 0.6125 0.40875 0.624375 0.446875 0.630625 0.488125 0.6275 0.509375 0.62 0.525625 0.619375 0.533125 0.623125 0.53875 0.633125 0.54125 0.678125 0.54125 0.745625 0.539375 0.7725 0.535625 0.771875 0.525625 0.761875 0.505625 0.7575 0.4675 0.758125 0.438125 0.765625 0.408125 0.765625 0.38625 0.75875 0.384375 0.750625 0.385625 0.71375 0.4 0.686875 0.39875 0.65625 0.39375 0.623125 0.383125 0.61625 0.383125
1 0.1025 0.38 0.1025 0.413125 0.1125 0.511875 0.190625 0.515625 0.204375 0.51375 0.204375 0.50375 0.195 0.479375 0.19375 0.465625 0.185625 0.4375 0.185625 0.41 0.189375 0.405 0.198125 0.403125 0.22375 0.4125 0.24125 0.41375 0.250625 0.40375 0.260625 0.399375 0.26875 0.401875 0.27375 0.406875 0.2875 0.428125 0.30375 0.463125 0.32 0.521875 0.374375 0.52375 0.37875 0.52875 0.379375 0.53875 0.375 0.5425 0.37375 0.55 0.376875 0.554375 0.38625 0.555625 0.413125 0.55375 0.421875 0.546875 0.424375 0.540625 0.425 0.521875 0.42125 0.48125 0.42625 0.476875 0.421875 0.475625 0.4 0.3921875 0.4765625 0.4 0.490625 0.4046875 0.528125 0.3828125 0.540625 0.4 0.54 0.456875 0.5484375 0.5140625 0.54375 0.48125 0.5475 0.51375 0.55 0.525 0.55375 0.53 0.561875 0.529375 0.568125 0.533125 0.57 0.540625 0.598125 0.540625 0.615625 0.535625 0.6275 0.5025 0.628125 0.48 0.60875 0.39 0.615 0.3825 0.626875 0.381875 0.635625 0.385 0.640625 0.3825 0.650625 0.39 0.681875 0.398125 0.695625 0.39875 0.698125 0.395625 0.696875 0.365625 0.6925 0.3475 0.679375 0.34 0.6625 0.338125 0.15 0.348125 0.136875 0.349375 0.113125 0.35875 0.105625 0.3675
7 0.274375 0.58 0.275625 0.623125 0.279375 0.625625 0.31 0.626875 0.3125 0.62375 0.31375 0.61 0.3125 0.57125 0.309375 0.57 0.2825 0.574375
4 0.900625 0.71 0.896875 0.71 0.896875 0.724375 0.90375 0.74625 0.910625 0.74875 0.930625 0.748125 0.93 0.721875 0.9375 0.7296875 0.934375 0.7109375
7 0.36875 0.5625 0.369375 0.663125 0.370625 0.665625 0.379375 0.668125 0.701875 0.634375 0.75625 0.62625 0.89875 0.613125 0.9225 0.608125 0.926875 0.603125 0.926875 0.555625 0.92125 0.54625 0.914375 0.544375 0.84125 0.54375 0.783125 0.539375 0.663125 0.543125 0.60625 0.540625 0.568125 0.545625 0.5675 0.561875 0.565625 0.566875 0.5625 0.5675 0.52875 0.568125 0.520625 0.570625 0.480625 0.57 0.469375 0.5675 0.466875 0.56375 0.466875 0.55625 0.46375 0.560625 0.43 0.560625 0.421875 0.555 0.3825 0.55625 0.373125 0.558125
4 0.05 0.72625 0.05 0.735 0.0525 0.7375 0.05 0.74375 0.049375 0.75875 0.061875 0.813125 0.079375 0.818125 0.113125 0.815 0.12625 0.761875 0.125625 0.734375 0.11625 0.730625 0.089375 0.72625 0.0625 0.724375
4 0.285625 0.75 0.28625 0.786875 0.29875 0.838125 0.326875 0.843125 0.353125 0.838125 0.355625 0.835 0.366875 0.785 0.3675 0.750625 0.355625 0.746875 0.345625 0.749375 0.321875 0.749375 0.294375 0.74625
6 0.03125 0.518125 0.0325 0.52625 0.04625 0.52875 0.04875 0.534375 0.04875 0.695 0.04625 0.705625 0.0325 0.709375 0.03125 0.71625 0.035 0.72 0.27375 0.74375 0.30375 0.74375 0.318125 0.741875 0.32375 0.73875 0.33125 0.741875 0.350625 0.73875 0.3625 0.743125 0.37 0.740625 0.371875 0.7375 0.369375 0.735625 0.3675 0.708125 0.364375 0.7 0.3675 0.686875 0.366875 0.5425 0.37625 0.536875 0.37625 0.529375 0.37375 0.5275 0.108125 0.513125 0.043125 0.514375 0.033125 0.515625
3 0.763125 0.47875 0.761875 0.49125 0.764375 0.505625 0.76875 0.513125 0.776875 0.516875 0.918125 0.52375 0.919375 0.54 0.92625 0.54875 0.92875 0.558125 0.9275 0.62125 0.930625 0.624375 0.9425 0.624375 0.95625 0.619375 0.95875 0.6 0.956875 0.560625 0.959375 0.534375 0.95875 0.50375 0.963125 0.4975 0.97375 0.494375 0.971875 0.4875 0.940625 0.484375
2 0.364375 0.685 0.36375 0.699375 0.36875 0.705625 0.368125 0.726875 0.375625 0.729375 0.381875 0.7375 0.405625 0.738125 0.41625 0.734375 0.439375 0.734375 0.628125 0.709375 0.631875 0.701875 0.64375 0.69375 0.645 0.6653125 0.6475 0.65875 0.6575 0.655625 0.678125 0.651875 0.7025 0.6525 0.755 0.646875 0.766875 0.6425 0.779375 0.64375 0.84125 0.636875 0.8575 0.6325 0.865 0.63375 0.8975 0.63 0.910625 0.625 0.920625 0.626875 0.928125 0.62375 0.92875 0.618125 0.926875 0.6125 0.92125 0.610625 0.574375 0.646875 0.5625 0.65 0.41625 0.66625 0.378125 0.66875 0.369375 0.670625