1 0.2528675703858186 0.33231972198088616 0.8576642335766423 0.35621198957428324 0.8602711157455682 0.40399652476107734 0.8368091762252347 0.4105125977410947 0.7403545359749739 0.41702867072111205 0.7168925964546402 0.42137271937445697 0.7012513034410844 0.47567332754126845 0.2528675703858186 0.4430929626411816
6 0.23983315954118875 0.36707211120764555 0.07820646506777894 0.39313640312771503 0.07820646506777894 0.5516941789748045 0.09906152241918666 0.553866203301477 0.10948905109489052 0.39096437880104257
5 0.23201251303441084 0.37576020851433534 0.1173096976016684 0.3953084274543875 0.12252346193952034 0.47132927888792353 0.1772679874869656 0.4474370112945265 0.23983315954118875 0.4474370112945265
5 0.8211678832116789 0.41485664639443964 0.7194994786235662 0.4322328410078193 0.7064650677789364 0.4843614248479583 0.7221063607924921 0.5104257167680278 0.7429614181438999 0.5039096437880104 0.7481751824817519 0.4365768896611642
7 0.2528675703858186 0.4474370112945265 0.7038581856100105 0.4843614248479583 0.7116788321167883 0.5147697654213728 0.7507820646506778 0.5125977410947002 0.7481751824817519 0.5647263249348393 0.10427528675703858 0.5082536924413553 0.11209593326381648 0.46481320590790615 0.14077163712200208 0.46915725456125107 0.19290928050052136 0.45178105994787143
2 0.10427528675703858 0.5125977410947002 0.7507820646506778 0.5712423979148566 0.7638164754953076 0.6146828844483058 0.09645464025026068 0.5603822762814944
3 0.8759124087591241 0.3996524761077324 0.9150156412930136 0.4061685490877498 0.9176225234619395 0.577758470894874 0.7977059436913452 0.6168549087749783 0.7612095933263816 0.6146828844483058 0.7481751824817519 0.5603822762814944 0.7586027111574557 0.4365768896611642
4 0.11470281543274244 0.5647263249348393 0.13555787278415016 0.5668983492615117 0.13816475495307612 0.6038227628149435 0.11470281543274244 0.6038227628149435
4 0.7559958289885297 0.6233709817549956 0.735140771637122 0.6211989574283232 0.735140771637122 0.6646394439617723 0.7507820646506778 0.6646394439617723
4 0.8550573514077163 0.5994787141615986 0.881126173096976 0.5907906168549087 0.8680917622523462 0.6277150304083405
0 0.07716371220020855 0.3987836663770634 0.07612095933263817 0.5482189400521286 0.08446298227320125 0.5612510860121633 0.11783107403545359 0.5647263249348393 0.1251303441084463 0.576889661164205 0.12930135557872785 0.5708079930495221 0.12721584984358708 0.5664639443961772 0.1386861313868613 0.5638575152041703 0.15641293013555788 0.577758470894874 0.2064650677789364 0.5838401390095569 0.22002085505735142 0.5847089487402259 0.23253388946819603 0.58123370981755 0.264859228362878 0.5881841876629018 0.30031282586027114 0.5881841876629018 0.33993743482794575 0.5933970460469157 0.3555787278415016 0.5907906168549087 0.3607924921793535 0.5951346655082537 0.4171011470281543 0.5986099044309297 0.4316996871741397 0.6029539530842746 0.4880083420229406 0.6038227628149435 0.5005213764337852 0.6081668114682884 0.5203336809176226 0.6064291920069504 0.5213764337851929 0.6090356211989574 0.5537017726798749 0.6107732406602954 0.570385818561001 0.6151172893136403 0.5808133472367049 0.6116420503909644 0.5849843587069864 0.6159860990443093 0.6506777893639207 0.6185925282363163 0.6673618352450469 0.6229365768896612 0.6913451511991658 0.6220677671589921 0.6986444212721585 0.6264118158123371 0.7194994786235662 0.6255430060816681 0.7382690302398331 0.631624674196351 0.7382690302398331 0.6602953953084274 0.7445255474452555 0.6620330147697654 0.7476538060479666 0.6611642050390965 0.7476538060479666 0.6394439617723718 0.862356621480709 0.6029539530842746 0.8759124087591241 0.5890529973935708 0.9103232533889468 0.5742832319721981 0.9176225234619395 0.5638575152041703 0.9186652763295099 0.40747176368375326 0.9144942648592284 0.40225890529973934 0.9051094890510949 0.4005212858384014 0.8602711157455682 0.3979148566463944 0.8613138686131386 0.365768896611642 0.8519290928050052 0.35708079930495223 0.25443169968717416 0.3310165073848827 0.24817518248175183 0.3362293657688966 0.2440041710114703 0.35534317984361424 0.23670490093847757 0.366637706342311 0.0886339937434828 0.38922675933970463 0.08133472367049009 0.39183318853171156