5 0.48933333333333334 0.49 0.48733333333333334 0.498 0.5 0.522 0.5106666666666667 0.55 0.5066666666666667 0.5606666666666666 0.5126666666666667 0.56 0.5173333333333333 0.5626666666666666 0.5213333333333333 0.5786666666666667 0.528 0.5806666666666667 0.554 0.58 0.566 0.5753333333333334 0.5946666666666667 0.5526666666666666 0.632 0.5306666666666666 0.6466666666666666 0.52 0.6486666666666666 0.516 0.622 0.48333333333333334 0.5986666666666667 0.44 0.592 0.43266666666666664 0.5846666666666667 0.4053333333333333 0.582 0.404
1 0.5893333333333334 0.41733333333333333 0.5913333333333334 0.43 0.6013333333333334 0.44266666666666665 0.6233333333333333 0.48333333333333334 0.65 0.5153333333333333 0.646 0.524 0.634 0.5293333333333333 0.5833333333333334 0.5633333333333334 0.5846666666666667 0.5686666666666667 0.71 0.5773333333333334 0.7073333333333334 0.568 0.6946666666666667 0.5566666666666666 0.6793333333333333 0.5493333333333333 0.6713333333333333 0.5493333333333333 0.6653333333333333 0.5413333333333333 0.6573333333333333 0.538 0.6513333333333333 0.5246666666666666 0.6726666666666666 0.498 0.6753333333333333 0.49133333333333334 0.684 0.488 0.6993333333333334 0.47333333333333333 0.7306666666666667 0.43133333333333335 0.7506666666666667 0.41533333333333333 0.7553333333333333 0.41533333333333333 0.7766666666666666 0.43266666666666664 0.79 0.44866666666666666 0.8233333333333334 0.476 0.852 0.506 0.8986666666666666 0.49533333333333335 0.9073333333333333 0.49133333333333334 0.9106666666666666 0.4846666666666667 0.9133333333333333 0.458 0.912 0.422 0.9053333333333333 0.4106666666666667 0.8966666666666666 0.4073333333333333 0.7313333333333333 0.4093333333333333 0.69 0.414 0.5913333333333334 0.4146666666666667
5 0.6593333333333333 0.5153333333333333 0.654 0.526 0.6546666666666666 0.532 0.666 0.5366666666666666 0.68 0.548 0.6893333333333334 0.5506666666666666 0.7166666666666667 0.578 0.722 0.5926666666666667 0.7413333333333333 0.5973333333333334 0.7613333333333333 0.5973333333333334 0.772 0.596 0.8066666666666666 0.5646666666666667 0.8073333333333333 0.542 0.8046666666666666 0.5293333333333333 0.8066666666666666 0.5186666666666667 0.848 0.5086666666666667 0.8493333333333334 0.5053333333333333 0.8226666666666667 0.4766666666666667 0.7864446666666666 0.445778 0.76 0.418 0.752 0.4166666666666667 0.7373333333333333 0.42533333333333334 0.7213333333333334 0.448 0.7046666666666667 0.466 0.7 0.47533333333333333 0.6793333333333333 0.49266666666666664
5 0.33866666666666667 0.49066666666666664 0.33866666666666667 0.498 0.3546666666666667 0.518 0.354 0.542 0.36133333333333334 0.5453333333333333 0.36333333333333334 0.5493333333333333 0.37 0.5506666666666666 0.376 0.5573333333333333 0.37866666666666665 0.5653333333333334 0.38666666666666666 0.5673333333333334 0.4046666666666667 0.5666666666666667 0.4166666666666667 0.5626666666666666 0.45866666666666667 0.5353333333333333 0.486 0.5146666666666667 0.49 0.5086666666666667 0.4846666666666667 0.498 0.436 0.44266666666666665 0.42133333333333334 0.4086666666666667 0.418 0.4086666666666667 0.362 0.462
1 0.8766666666666667 0.564 0.8733333333333333 0.5673333333333334 0.8753333333333333 0.5866666666666667 0.9033333333333333 0.574 0.906 0.5706666666666667 0.9073333333333333 0.5566666666666666 0.8986666666666666 0.5566666666666666
1 0.79 0.5806666666666667 0.7933333333333333 0.5853333333333334 0.8066666666666666 0.586 0.8066666666666666 0.5713333333333334 0.8033333333333333 0.5706666666666667
1 0.4806666666666667 0.5186666666666667 0.45466666666666666 0.54 0.432 0.5546666666666666 0.466 0.5606666666666666 0.5126666666666667 0.5626666666666666 0.5113333333333333 0.55 0.5013333333333333 0.5293333333333333 0.49733333333333335 0.526 0.49466666666666664 0.5153333333333333 0.49066666666666664 0.514
1 0.43 0.4206666666666667 0.42933333333333334 0.428 0.438 0.44333333333333336 0.47333333333333333 0.48533333333333334 0.484 0.49466666666666664 0.486 0.48933333333333334 0.5073333333333333 0.47333333333333333 0.5513333333333333 0.43333333333333335 0.564 0.418 0.5433333333333333 0.4166666666666667 0.5033333333333333 0.42
1 0.358 0.438 0.35733333333333334 0.4573333333333333 0.35933333333333334 0.4633333333333333 0.388 0.43933333333333335 0.4026666666666667 0.42133333333333334 0.366 0.42333333333333334 0.36133333333333334 0.4266666666666667
7 0.2793333333333333 0.5693333333333334 0.2793333333333333 0.572 0.292 0.5753333333333334 0.29133333333333333 0.592 0.2966666666666667 0.598 0.438 0.6146666666666667 0.44266666666666665 0.6013333333333334 0.45266666666666666 0.5993333333333334 0.45666666666666667 0.5946666666666667 0.4846666666666667 0.5933333333333334 0.49333333333333335 0.6006666666666667 0.49533333333333335 0.6193333333333333 0.554 0.628 0.576 0.6273333333333333 0.59 0.632 0.5926666666666667 0.6366666666666667 0.5913333333333334 0.654 0.5946666666666667 0.656 0.656 0.6673333333333333 0.7173333333333334 0.6726666666666666 0.7546666666666667 0.6806666666666666 0.7946666666666666 0.6853333333333333 0.8066666666666666 0.6846666666666666 0.808 0.682 0.8073333333333333 0.5966666666666667 0.8053333333333333 0.5913333333333334 0.8 0.5893333333333334 0.7866666666666666 0.5893333333333334 0.772 0.5993333333333334 0.7413333333333333 0.602 0.7173333333333334 0.5926666666666667 0.712 0.5886666666666667 0.7086666666666667 0.5806666666666667 0.7033333333333334 0.5793333333333334 0.5773333333333334 0.57 0.558 0.5806666666666667 0.5266666666666666 0.582 0.522 0.5806666666666667 0.5166666666666667 0.566 0.512 0.5633333333333334 0.428 0.5586666666666666 0.4093333333333333 0.5673333333333334 0.38333333333333336 0.5686666666666667 0.37533333333333335 0.5633333333333334 0.37266666666666665 0.5546666666666666 0.3586666666666667 0.552 0.3453333333333333 0.5566666666666666
6 0.18533333333333332 0.49533333333333335 0.18466666666666667 0.49933333333333335 0.188 0.5033333333333333 0.21733333333333332 0.506 0.22266666666666668 0.5106666666666667 0.22066666666666668 0.5153333333333333 0.22866666666666666 0.5173333333333333 0.336 0.504 0.3393333333333333 0.5006666666666667 0.3353333333333333 0.494 0.3453333333333333 0.48 0.3006666666666667 0.482 0.25466666666666665 0.49 0.21533333333333332 0.494 0.20266666666666666 0.492
4 0.19 0.5086666666666667 0.19533333333333333 0.616 0.22466666666666665 0.6093333333333333 0.228 0.606 0.22466666666666665 0.5946666666666667 0.226 0.5893333333333334 0.24133333333333334 0.5753333333333334 0.254 0.5733333333333334 0.258 0.5766666666666667 0.282 0.566 0.3 0.5646666666666667 0.3546666666666667 0.5533333333333333 0.34933333333333333 0.542 0.3446666666666667 0.54 0.23066666666666666 0.5573333333333333 0.222 0.544 0.222 0.5166666666666667 0.216 0.508 0.196 0.506
3 0.808 0.5213333333333333 0.8106666666666666 0.5413333333333333 0.818 0.5406666666666666 0.8186666666666667 0.5373333333333333 0.825 0.5353333333333333 0.8326666666666667 0.5353333333333333 0.838 0.54 0.844 0.536 0.864 0.5373333333333333 0.8693333333333333 0.54 0.868 0.5506666666666666 0.872 0.5606666666666666 0.8773333333333333 0.562 0.9633333333333334 0.5293333333333333 0.964 0.508 0.9706666666666667 0.5026666666666667 0.972 0.49466666666666664 0.97 0.492 0.9173333333333333 0.49133333333333334
4 0.8093333333333333 0.5666666666666667 0.814 0.8593333333333333 0.8166666666666667 0.8626666666666667 0.828 0.8666666666666667 0.8693333333333333 0.8746666666666667 0.874 0.87 0.874 0.8473333333333334 0.896 0.818 0.9473333333333334 0.7693333333333333 0.9526666666666667 0.7666666666666667 0.96 0.7693333333333333 0.9646666666666667 0.766 0.9666666666666667 0.6986666666666667 0.9633333333333334 0.5333333333333333 0.9553333333333334 0.5273333333333333 0.9426666666666667 0.534 0.94 0.538 0.874 0.5413333333333333 0.8733333333333333 0.536 0.8713333333333333 0.5386666666666666 0.8673333333333333 0.536 0.8133333333333334 0.536 0.81 0.5413333333333333
0 0.18733333333333332 0.49666666666666665 0.19133333333333333 0.528 0.19466666666666665 0.604 0.19866666666666666 0.612 0.22066666666666668 0.6093333333333333 0.22333333333333333 0.602 0.23133333333333334 0.6026666666666667 0.23733333333333334 0.6073333333333333 0.24933333333333332 0.596 0.498 0.6186666666666667 0.5013333333333333 0.622 0.51 0.6213333333333333 0.5866666666666667 0.632 0.5893333333333334 0.6353333333333333 0.5906666666666667 0.6753333333333333 0.594 0.69 0.5973333333333334 0.804 0.6026666666666667 0.808 0.8166666666666667 0.862 0.8246666666666667 0.8613333333333333 0.8326666666666667 0.8666666666666667 0.8553333333333333 0.8726666666666667 0.8693333333333333 0.874 0.8733333333333333 0.868 0.8746666666666667 0.8426666666666667 0.8946666666666667 0.818 0.9086666666666666 0.806 0.914 0.7973333333333333 0.922 0.7946666666666666 0.9353333333333333 0.7826666666666666 0.942 0.7733333333333333 0.9486666666666667 0.7693333333333333 0.9633333333333334 0.77 0.966 0.766 0.9653333333333334 0.5373333333333333 0.9706666666666667 0.498 0.9673333333333334 0.49333333333333335 0.922 0.49466666666666664 0.9186666666666666 0.492 0.9146666666666666 0.47333333333333333 0.9106666666666666 0.4673333333333333 0.9133333333333333 0.4613333333333333 0.9106666666666666 0.4186666666666667 0.904 0.41 0.894 0.4073333333333333 0.736 0.4093333333333333 0.6806666666666666 0.41533333333333333 0.6473333333333333 0.41333333333333333 0.5873333333333334 0.4166666666666667 0.5813333333333334 0.4053333333333333 0.5706666666666667 0.41533333333333333 0.5646666666666667 0.41733333333333333 0.458 0.41933333333333334 0.43 0.422 0.42533333333333334 0.42 0.42133333333333334 0.4106666666666667 0.418 0.4106666666666667 0.4053333333333333 0.42 0.36866666666666664 0.4226666666666667 0.36133333333333334 0.42733333333333334 0.358 0.44466666666666665 0.3586666666666667 0.4666666666666667 0.346 0.48333333333333334 0.33266666666666667 0.48733333333333334 0.32066666666666666 0.484 0.31533333333333335 0.48733333333333334 0.30733333333333335 0.484 0.30333333333333334 0.48733333333333334 0.26466666666666666 0.48733333333333334 0.25733333333333336 0.49 0.25133333333333335 0.48733333333333334 0.248 0.5 0.23466666666666666 0.502 0.22666666666666666 0.49866666666666665 0.21066666666666667 0.49866666666666665 0.206 0.49333333333333335 0.196 0.49333333333333335
2 0.5913333333333334 0.66 0.5926666666666667 0.7313333333333333 0.596 0.7493333333333333 0.598 0.8046666666666666 0.6133333333333333 0.8113333333333334 0.7393333333333333 0.8426666666666667 0.7766666666666666 0.8493333333333334 0.7813333333333333 0.854 0.812 0.8586666666666667 0.8113333333333334 0.7373333333333333 0.81 0.7013333333333334 0.8073333333333333 0.6906666666666667 0.6406666666666667 0.664 0.598 0.658