5 0.18375 0.23125 0.184375 0.24875 0.193125 0.2875 0.21125 0.4175 0.216875 0.47125 0.219375 0.52625 0.23125 0.52625 0.265625 0.51375 0.350625 0.51125 0.324375 0.35125 0.31625 0.27875 0.306875 0.2325 0.3025 0.23125 0.281875 0.24625 0.25875 0.24875 0.2175 0.24375
5 0.1 0.23375 0.1 0.2475 0.118125 0.33 0.124375 0.37875 0.13125 0.41 0.13375 0.4625 0.13125 0.535 0.134375 0.53875 0.181875 0.515 0.211875 0.5075 0.215625 0.4975 0.215625 0.475 0.21 0.4225 0.1925 0.29625 0.18375 0.25625 0.178125 0.25125 0.128125 0.2425 0.10375 0.23125
5 0.6975 0.25875 0.68 0.36875 0.6525 0.51125 0.658125 0.515 0.723125 0.51625 0.770625 0.5325 0.779375 0.53 0.81 0.3225 0.816875 0.29875 0.825625 0.24125 0.82 0.23875 0.796875 0.24875 0.746875 0.255 0.718125 0.24625 0.705 0.2375 0.70125 0.2425
5 0.788125 0.48375 0.7875 0.5025 0.791875 0.5125 0.82625 0.52 0.868125 0.54125 0.87375 0.53875 0.871875 0.4975 0.879375 0.4075 0.909375 0.25625 0.90875 0.24 0.82625 0.2575 0.820625 0.275
1 0.165625 0.21125 0.164375 0.24 0.168125 0.2475 0.17875 0.2475 0.180625 0.2425 0.3125 0.2525 0.324375 0.32125 0.34125 0.4525 0.351875 0.5075 0.375625 0.5175 0.386875 0.515 0.386875 0.51125 0.396875 0.5175 0.4125 0.51375 0.5725 0.51125 0.6125 0.51875 0.61875 0.50625 0.62125 0.50875 0.62125 0.51625 0.629375 0.52 0.6475 0.5125 0.66625 0.43375 0.695 0.26625 0.83 0.24375 0.831875 0.25125 0.844375 0.25125 0.848125 0.25 0.85 0.24 0.84875 0.20625 0.845 0.18625 0.838125 0.1775 0.829375 0.175 0.6525 0.17 0.198125 0.16875 0.175 0.17375 0.169375 0.18375
6 0.039375 0.43125 0.03875 0.7325 0.04125 0.84125 0.049375 0.8475 0.085625 0.8525 0.08625 0.8475 0.095 0.845 0.09625 0.71625 0.094375 0.70625 0.094375 0.61125 0.09875 0.585 0.125625 0.54625 0.1275 0.53875 0.130625 0.49375 0.1275 0.41125 0.121875 0.3775 0.115 0.37 0.05 0.41125 0.043125 0.41875
3 0.879375 0.45375 0.880625 0.48 0.878125 0.505 0.87875 0.51125 0.88375 0.51625 0.885 0.5275 0.879375 0.5425 0.9025 0.585 0.9075 0.605 0.906875 0.68875 0.90875 0.7125 0.905625 0.73 0.908125 0.75541625 0.90625 0.79 0.90875 0.80625 0.906875 0.84375 0.9125 0.8525 0.96 0.84875 0.963125 0.83125 0.964375 0.71 0.963125 0.4375 0.954375 0.41625 0.913125 0.3825 0.893125 0.3725 0.889375 0.37625 0.88125 0.41875
7 0.096875 0.5975 0.098125 0.71375 0.1075 0.7225 0.124375 0.72625 0.336875 0.73 0.355625 0.7275 0.364375 0.715 0.383125 0.72875 0.468125 0.73125 0.888125 0.72875 0.898125 0.72375 0.904375 0.7125 0.905 0.70125 0.901875 0.68375 0.904375 0.60875 0.8975 0.58625 0.87375 0.55625 0.838125 0.535 0.81125 0.52875 0.79625 0.53 0.780625 0.545 0.76625 0.545 0.755 0.5325 0.739375 0.52875 0.656875 0.5225 0.644375 0.53375 0.64 0.53 0.63375 0.53875 0.63375 0.54875 0.625 0.55625 0.621875 0.5425 0.608125 0.5275 0.575 0.51875 0.425 0.51875 0.403125 0.52375 0.381875 0.54125 0.37625 0.52875 0.34875 0.52 0.28625 0.51875 0.22354187499999997 0.5325 0.203125 0.52125 0.195 0.52125 0.155 0.53125 0.131875 0.545 0.10625 0.57625
2 0.096875 0.73625 0.09625 0.8425 0.098125 0.8475 0.4975 0.855 0.863125 0.8525 0.901875 0.85 0.908125 0.82125 0.9075 0.80625 0.90125 0.7775 0.904375 0.76875 0.9025 0.7625 0.9075 0.75 0.900625 0.7325 0.369375 0.7275 0.33715937500000004 0.7325 0.190625 0.7325 0.1025 0.7275 0.09875 0.72875
4 0.039375 0.9225 0.038125 0.94125 0.0475 0.9425 0.0625 0.8775 0.091875 0.86 0.09625 0.85125 0.04625 0.85125
4 0.906875 0.85375 0.905625 0.85875 0.9075 0.8625 0.94 0.88 0.955 0.945 0.9575 0.94875 0.965 0.94625 0.95625 0.8525
0 0.039375 0.435 0.039375 0.78875 0.040625 0.83875 0.04625 0.855 0.04 0.92625 0.040625 0.94125 0.046875 0.93875 0.061875 0.8775 0.095625 0.85375 0.908125 0.85625 0.941875 0.88 0.955625 0.9425 0.95875 0.94625 0.96375 0.9425 0.956875 0.86 0.961875 0.845 0.963125 0.83125 0.965 0.56 0.963125 0.435 0.96 0.42375 0.95375 0.41625 0.91125 0.38125 0.8975 0.375 0.889375 0.365 0.888125 0.355 0.906875 0.26875 0.91 0.24375 0.9 0.24 0.885 0.2475 0.853958125 0.2525 0.849375 0.24375 0.8475 0.195 0.838125 0.17625 0.666875 0.17125 0.18125 0.17125 0.17 0.1825 0.165625 0.20625 0.165 0.24 0.155625 0.24875 0.10125 0.2325 0.099375 0.245 0.118125 0.33 0.12125 0.35875 0.114375 0.3725 0.051875 0.41 0.044375 0.4175