5 0.310546875 0.4661458333333333 0.3151041666666667 0.4869791666666667 0.3157552083333333 0.513671875 0.3131510416666667 0.5358072916666666 0.3079427083333333 0.5533854166666666 0.3938802083333333 0.5540364583333334 0.3873697916666667 0.5182291666666666 0.3893229166666667 0.494140625 0.3958333333333333 0.4641927083333333 0.3404947916666667 0.466796875 0.3138020833333333 0.4615885416666667
5 0.4739583333333333 0.4635416666666667 0.4733072916666667 0.4694010416666667 0.4791666666666667 0.4921875 0.48046875 0.5187499999999999 0.4733072916666667 0.5533854166666666 0.5572916666666666 0.5540364583333334 0.5520833333333334 0.5279947916666666 0.5520833333333334 0.5078125 0.5579427083333334 0.4641927083333333 0.55078125 0.462890625 0.5345052083333334 0.466796875 0.51328125 0.4680989583333333
5 0.6328125 0.4641927083333333 0.6315104166666666 0.466796875 0.6380208333333334 0.4921875 0.640625 0.5149739583333334 0.6354166666666666 0.5533854166666666 0.71875 0.5533854166666666 0.7135416666666666 0.5338541666666666 0.7122395833333334 0.5131510416666667 0.716796875 0.4641927083333333 0.7122395833333334 0.4622395833333333 0.6712239583333334 0.4680989583333333
1 0.3060852864583333 0.544564453125 0.2775540364583333 0.5453326822916666 0.2775540364583333 0.44305859375 0.7526529947916667 0.44491796875 0.7538932291666667 0.544712890625 0.7241217447916667 0.5502910156249999 0.7185397135416666 0.4610338541666667 0.6323274739583333 0.46351302083333334 0.6329479166666666 0.5478118489583333 0.5622415364583333 0.5484316406249999 0.5597604166666666 0.46165364583333335 0.4716875 0.45979427083333335 0.472927734375 0.5540104166666667 0.3985 0.5484316406249999 0.3985 0.4659928385416667 0.31166731770833334 0.4585546875
7 0.248046875 0.5794270833333334 0.24544270833333334 0.5950520833333334 0.2506510416666667 0.623046875 0.4427083333333333 0.6217447916666666 0.4459635416666667 0.6263020833333334 0.4459635416666667 0.6373697916666666 0.4479166666666667 0.6334635416666666 0.4466145833333333 0.6276041666666666 0.451171875 0.6243489583333334 0.453125 0.6256510416666666 0.4661458333333333 0.6100260416666666 0.4733072916666667 0.6087239583333334 0.4752604166666667 0.60546875 0.48046875 0.6080729166666666 0.5 0.59375 0.5091145833333334 0.5983072916666666 0.515625 0.5983072916666666 0.5182291666666666 0.6022135416666666 0.5266927083333334 0.6028645833333334 0.5358072916666666 0.6100260416666666 0.5403645833333334 0.609375 0.5423177083333334 0.6061197916666666 0.5462239583333334 0.607421875 0.5501302083333334 0.6197916666666666 0.5514322916666666 0.6178385416666666 0.5768229166666666 0.6217447916666666 0.7727864583333334 0.623046875 0.7786458333333334 0.619140625 0.78125 0.6028645833333334 0.78125 0.5846354166666666 0.77734375 0.576171875 0.7506510416666666 0.5501302083333334 0.73046875 0.55078125 0.7200520833333334 0.55859375 0.7141927083333334 0.5592447916666666 0.697265625 0.556640625 0.6653645833333334 0.556640625 0.646484375 0.5598958333333334 0.6334635416666666 0.55859375 0.6243489583333334 0.5494791666666666 0.5670572916666666 0.5501302083333334 0.5598958333333334 0.5553385416666666 0.46875 0.552734375 0.45703125 0.548828125 0.4205729166666667 0.5481770833333334 0.400390625 0.5494791666666666 0.3971354166666667 0.5533854166666666 0.3880208333333333 0.556640625 0.3802083333333333 0.556640625 0.3600260416666667 0.5546875 0.3170572916666667 0.5559895833333334 0.306640625 0.5546875 0.3001302083333333 0.5494791666666666 0.2799479166666667 0.548828125 0.2740885416666667 0.5501302083333334
6 0.193359375 0.556640625 0.19205729166666666 0.5813802083333334 0.1953125 0.6171875 0.212890625 0.662109375 0.24869791666666666 0.6614583333333334 0.24609375 0.6569010416666666 0.24739583333333334 0.6178385416666666 0.24544270833333334 0.5846354166666666 0.24869791666666666 0.5748697916666666 0.2727864583333333 0.552734375 0.2747395833333333 0.5481770833333334 0.27734375 0.5221354166666666 0.267578125 0.4986979166666667 0.2552083333333333 0.498046875 0.2109375 0.525390625 0.19921875 0.5384114583333334
3 0.75390625 0.517578125 0.7545572916666666 0.548828125 0.7825520833333334 0.580078125 0.7819010416666666 0.662109375 0.7864583333333334 0.6647135416666666 0.810546875 0.6640625 0.8151041666666666 0.6614583333333334 0.8216145833333334 0.6490885416666666 0.8326822916666666 0.6171875 0.8359375 0.57421875 0.8313802083333334 0.5436197916666666 0.81640625 0.525390625 0.7825520833333334 0.501953125 0.7701822916666666 0.4993489583333333 0.765625 0.5006510416666666
2 0.5657552083333334 0.62890625 0.5631510416666666 0.6334635416666666 0.5670572916666666 0.638671875 0.5696614583333334 0.6516927083333334 0.5826822916666666 0.662109375 0.7688802083333334 0.6647135416666666 0.78125 0.6614583333333334 0.7760416666666666 0.625 0.6009114583333334 0.6236979166666666 0.5735677083333334 0.625
2 0.22265625 0.6555989583333334 0.22200520833333334 0.6608072916666666 0.2265625 0.6627604166666666 0.2643229166666667 0.6647135416666666 0.4459635416666667 0.662109375 0.44921875 0.6588541666666666 0.4466145833333333 0.64453125 0.4537760416666667 0.6263020833333334 0.4466145833333333 0.6223958333333334 0.25 0.623046875 0.248046875 0.625 0.24739583333333334 0.6529947916666666 0.24348958333333334 0.6536458333333334 0.24153645833333334 0.6575520833333334 0.23046875 0.6536458333333334
4 0.22005208333333334 0.6634114583333334 0.21875 0.6686197916666666 0.22265625 0.6790364583333334 0.23763020833333334 0.6790364583333334 0.24283854166666666 0.67578125 0.244140625 0.6634114583333334
4 0.7845052083333334 0.6666666666666666 0.78515625 0.6751302083333334 0.7890625 0.6796875 0.8046875 0.6803385416666666 0.8072916666666666 0.6770833333333334 0.8092447916666666 0.6686197916666666 0.8072916666666666 0.6653645833333334
0 0.19140625 0.5670572916666666 0.19075520833333334 0.5846354166666666 0.19596354166666666 0.6217447916666666 0.20833333333333334 0.6555989583333334 0.21809895833333334 0.6666666666666666 0.220703125 0.6751302083333334 0.2265625 0.677734375 0.23893229166666666 0.6764322916666666 0.24544270833333334 0.6666666666666666 0.2584635416666667 0.6640625 0.314453125 0.6627604166666666 0.328125 0.666015625 0.6009114583333334 0.6608072916666666 0.6236979166666666 0.6634114583333334 0.6861979166666666 0.6627604166666666 0.712890625 0.6653645833333334 0.7454427083333334 0.6634114583333334 0.783203125 0.6673177083333334 0.7897135416666666 0.67578125 0.8033854166666666 0.6770833333333334 0.8072916666666666 0.6751302083333334 0.80859375 0.6666666666666666 0.8177083333333334 0.6575520833333334 0.8274739583333334 0.6334635416666666 0.8352864583333334 0.5930989583333334 0.833984375 0.5540364583333334 0.8287760416666666 0.5390625 0.8203125 0.5286458333333334 0.7858072916666666 0.5045572916666666 0.7610677083333334 0.4973958333333333 0.75390625 0.453125 0.7493489583333334 0.4453125 0.7356770833333334 0.4427083333333333 0.2845052083333333 0.4420572916666667 0.2786458333333333 0.4446614583333333 0.2747395833333333 0.451171875 0.2701822916666667 0.494140625 0.2669270833333333 0.4973958333333333 0.2526041666666667 0.4986979166666667 0.21028645833333334 0.5247395833333334 0.19856770833333334 0.5390625