1 0.24875 0.608125 0.24875 0.623125 0.250625 0.6275 0.255625 0.62875 0.344375 0.63125 0.41125 0.641875 0.491875 0.64125 0.53125 0.64375 0.58 0.64875 0.61125 0.655625 0.62375 0.65375 0.63 0.655625 0.68875 0.65375 0.6925 0.6525 0.69375 0.648125 0.691875 0.61875 0.695625 0.588125 0.701875 0.57375 0.713125 0.561875 0.728125 0.558125 0.8825 0.550625 0.8875 0.54375 0.891875 0.529375 0.895625 0.49875 0.89 0.49125 0.876875 0.48375 0.87 0.483125 0.718125 0.48375 0.631875 0.479375 0.573125 0.483125 0.505 0.476875 0.474375 0.476875 0.453125 0.48 0.445625 0.47625 0.395625 0.480625 0.283125 0.47375 0.2725 0.476875 0.2675 0.488125 0.25625 0.545 0.2525 0.590625
7 0.08625 0.665 0.08625 0.690625 0.090625 0.6975 0.173125 0.704375 0.19875 0.71 0.208125 0.715 0.25125 0.72125 0.266875 0.720625 0.335 0.726875 0.3525 0.73125 0.68 0.760625 0.6925 0.76 0.695625 0.744375 0.694375 0.666875 0.689375 0.654375 0.608125 0.658125 0.588125 0.65 0.556875 0.645625 0.47 0.64125 0.39875 0.644375 0.385625 0.6375 0.373125 0.634375 0.285 0.629375 0.12625 0.64125 0.09375 0.650625 0.089375 0.65375
6 0.08 0.563125 0.075 0.67875 0.0775 0.6925 0.08125 0.693125 0.08375 0.659375 0.08875 0.650625 0.136875 0.636875 0.146875 0.6375 0.14875 0.63125 0.164375 0.635 0.17375 0.634375 0.175625 0.633125 0.17625 0.61796875 0.185 0.62 0.188125 0.63375 0.245 0.630625 0.246875 0.60375 0.251875 0.584375 0.25375 0.554375 0.2575 0.535625 0.255 0.5325 0.243125 0.531875 0.09875 0.536875 0.083125 0.55
3 0.695625 0.59625 0.69625 0.770625 0.70125 0.765 0.701875 0.755625 0.704375 0.7525 0.714375 0.754375 0.7175 0.7575 0.716875 0.761875 0.72 0.7625 0.724375 0.7525 0.731875 0.75625 0.740625 0.756875 0.75625 0.7525 0.761875 0.758125 0.764375 0.75375 0.769375 0.75375 0.79125 0.765625 0.7925 0.76875 0.8075 0.768125 0.836875 0.765 0.8325 0.7625 0.833125 0.7575 0.83125 0.75625 0.839375 0.746875 0.89875 0.739375 0.900625 0.73625 0.9 0.5525 0.716875 0.56125 0.703125 0.57375
2 0.208125 0.72 0.20625 0.726875 0.208125 0.731875 0.23875 0.73625 0.264375 0.736875 0.3175 0.74375 0.326875 0.7425 0.339375 0.746875 0.366875 0.7475 0.425 0.755 0.52375 0.7625 0.645625 0.775625 0.685625 0.77875 0.693125 0.775625 0.693125 0.765 0.69125 0.76375 0.6375 0.755 0.5 0.74625 0.466875 0.740625 0.223125 0.7175 0.209375 0.716875
4 0.695625 0.851875 0.695625 0.886875 0.699375 0.89125 0.72 0.891875 0.721875 0.886875 0.720625 0.8475 0.715 0.8525 0.71125 0.8525 0.706875 0.848125 0.7025 0.85 0.7 0.8475
4 0.695625 0.779375 0.69625 0.8425 0.72 0.84375 0.7225 0.84 0.720625 0.77 0.718125 0.78 0.715 0.7825 0.70625 0.7775 0.70375 0.780625
4 0.8525 0.766875 0.853125 0.84875 0.858125 0.85875 0.869375 0.85875 0.875 0.855625 0.8775 0.846875 0.878125 0.76375 0.8725 0.760625 0.866875 0.76125
4 0.420625 0.75625 0.420625 0.838125 0.425 0.8425 0.43875 0.843125 0.443125 0.841875 0.445 0.838125 0.445 0.75875 0.4425 0.75625 0.429375 0.754375
4 0.316875 0.745 0.316875 0.7925 0.32125 0.798125 0.3325 0.79875 0.338125 0.79125 0.338125 0.748125 0.3275 0.744375
0 0.078125 0.570625 0.0775 0.591875 0.080625 0.609375 0.078125 0.611875 0.0775 0.66875 0.08 0.693125 0.083125 0.6925 0.090625 0.698125 0.103125 0.695625 0.11625 0.699375 0.17125 0.70375 0.19125 0.7075 0.203125 0.711875 0.209375 0.71875 0.21 0.7275 0.215625 0.73125 0.240625 0.735 0.265625 0.735 0.314375 0.741875 0.31875 0.744375 0.32 0.758125 0.3175 0.761875 0.318125 0.789375 0.319375 0.793125 0.324375 0.79625 0.335625 0.793125 0.335 0.75375 0.3375 0.748125 0.35 0.745 0.418125 0.7525 0.420625 0.755 0.423125 0.78625 0.421875 0.838125 0.425625 0.84125 0.438125 0.841875 0.443125 0.836875 0.4425 0.775 0.44375 0.7625 0.445625 0.756875 0.448125 0.75625 0.475 0.756875 0.49625 0.760625 0.5975 0.768125 0.689375 0.778125 0.695 0.7853125 0.69625 0.8875 0.699375 0.891875 0.714375 0.893125 0.720625 0.89 0.72125 0.884375 0.72375 0.77875 0.849375 0.76375 0.8525 0.7675 0.854375 0.851875 0.859375 0.858125 0.865625 0.859375 0.87 0.859375 0.876875 0.8525 0.8775 0.764375 0.8975 0.75875 0.90125 0.749375 0.90125 0.5575 0.89875 0.55375 0.89 0.551875 0.886875 0.54875 0.89375 0.51875 0.895625 0.4975 0.89 0.490625 0.879375 0.485 0.863125 0.4825 0.718125 0.484375 0.638125 0.479375 0.563541875 0.481875 0.508125 0.476875 0.461875 0.47875 0.44625 0.475625 0.4 0.479375 0.325 0.4775 0.2875 0.473125 0.275625 0.475 0.27125 0.478125 0.265625 0.494375 0.2625 0.51875 0.25875 0.53125 0.255625 0.534375 0.12375 0.53625 0.098125 0.53875 0.085 0.550625