1 0.41963727329580985 0.4560931899641577 0.41963727329580985 0.525089605734767 0.43089430894308944 0.5546594982078853 0.49405878674171355 0.5618279569892473 0.4984365228267667 0.5609318996415771 0.4996873045653533 0.5555555555555556 0.5078173858661663 0.553763440860215 0.5447154471544715 0.5555555555555556 0.5509693558474046 0.557347670250896 0.5528455284552846 0.5627240143369175 0.5603502188868043 0.5689964157706093 0.6360225140712945 0.578853046594982 0.642901813633521 0.5752688172043011 0.6572858036272671 0.5815412186379928 0.6898061288305191 0.5833333333333334 0.6923076923076923 0.5806451612903226 0.6954346466541589 0.5439068100358423 0.7285803627267042 0.44086021505376344 0.8230143839899937 0.4435483870967742 0.8242651657285803 0.4489247311827957 0.8323952470293934 0.4390681003584229 0.8248905565978737 0.43189964157706096 0.8067542213883677 0.42562724014336917 0.7479674796747967 0.4211469534050179 0.42464040025015637 0.40949820788530467
7 0.2689180737961226 0.5842293906810035 0.2701688555347092 0.5967741935483871 0.2764227642276423 0.6102150537634409 0.2707942464040025 0.6227598566308243 0.2776735459662289 0.6254480286738351 0.30268918073796125 0.6254480286738351 0.30331457160725456 0.6299283154121864 0.32082551594746717 0.6335125448028673 0.7223264540337712 0.692652329749104 0.7579737335834896 0.6935483870967742 0.7598499061913696 0.6881720430107527 0.760475297060663 0.6191756272401434 0.7529706066291432 0.6120071684587813 0.7104440275171983 0.600358422939068 0.6904315196998124 0.5869175627240143 0.6397748592870544 0.5869175627240143 0.6222639149468417 0.5797491039426523 0.5691056910569106 0.5734767025089605 0.5547217010631644 0.5905017921146953 0.5015634771732332 0.5887096774193549 0.4959349593495935 0.5833333333333334 0.49343339587242024 0.5716845878136201 0.47717323327079425 0.5725806451612904 0.47029393370856787 0.5636200716845878 0.4659161976235147 0.5654121863799283 0.43964978111319575 0.5591397849462365 0.3158223889931207 0.5654121863799283 0.28392745465916197 0.5743727598566308 0.275797373358349 0.5779569892473119 0.27329580988117574 0.5842293906810035
2 0.2601626016260163 0.6308243727598566 0.2601626016260163 0.6648745519713262 0.26516572858036275 0.6720430107526881 0.2701688555347092 0.6738351254480287 0.7448405253283302 0.7544802867383512 0.7592245153220762 0.7553763440860215 0.760475297060663 0.7508960573476703 0.760475297060663 0.7051971326164874 0.7579737335834896 0.7007168458781362 0.6210131332082551 0.6783154121863799 0.47779862414008756 0.660394265232975 0.2689180737961226 0.6263440860215054 0.2620387742338962 0.6272401433691757
6 0.233270794246404 0.4283154121863799 0.23389618511569732 0.44265232974910396 0.2401500938086304 0.4578853046594982 0.24452782989368355 0.4883512544802867 0.24765478424015008 0.6236559139784946 0.25140712945590993 0.6362007168458781 0.2557848655409631 0.6406810035842294 0.257661038148843 0.6299283154121864 0.26516572858036275 0.6191756272401434 0.26454033771106944 0.5931899641577061 0.2682926829268293 0.5779569892473119 0.3051907442151345 0.5636200716845878 0.31207004377736086 0.5259856630824373 0.31081926203877425 0.4659498207885305 0.30206378986866794 0.4175627240143369
3 0.7629768605378362 0.6012544802867383 0.7642276422764228 0.6586021505376344 0.7623514696685428 0.6998207885304659 0.7686053783614759 0.692652329749104 0.7798624140087554 0.6881720430107527 0.7936210131332082 0.6890681003584229 0.799249530956848 0.6756272401433692 0.8073796122576611 0.6747311827956989 0.8142589118198874 0.6639784946236559 0.8305190744215134 0.6541218637992832 0.8348968105065666 0.6559139784946236 0.8467792370231395 0.6738351254480287 0.849906191369606 0.6720430107526881 0.8542839274546592 0.5089605734767025 0.8630393996247655 0.47491039426523296 0.8761726078799249 0.4489247311827957 0.874296435272045 0.4381720430107527 0.8524077548467792 0.43727598566308246 0.7961225766103814 0.4596774193548387 0.7823639774859287 0.4775985663082437 0.766729205753596 0.525089605734767
4 0.7611006879299562 0.7553763440860215 0.760475297060663 0.8584229390681004 0.7636022514071295 0.8664874551971327 0.7779862414008756 0.8682795698924731 0.7848655409631019 0.8593189964157706 0.7861163227016885 0.7446236559139785 0.782989368355222 0.7347670250896058 0.7817385866166354 0.7060931899641577 0.7754846779237023 0.6881720430107527 0.7654784240150094 0.6899641577060932 0.7623514696685428 0.6998207885304659
4 0.8292682926829268 0.717741935483871 0.8280175109443402 0.7948028673835126 0.8348968105065666 0.8001792114695341 0.8449030644152595 0.8001792114695341 0.849906191369606 0.7894265232974911 0.8492808005003127 0.6980286738351255 0.8449030644152595 0.6953405017921147
4 0.2482801751094434 0.6362007168458781 0.2482801751094434 0.7473118279569892 0.2501563477173233 0.7553763440860215 0.2595372107567229 0.7580645161290323 0.2682926829268293 0.7544802867383512 0.2701688555347092 0.7482078853046595 0.2695434646654159 0.6774193548387096 0.2614133833646029 0.6720430107526881 0.2589118198874296 0.6657706093189965 0.257661038148843 0.6397849462365591
5 0.3064415259537211 0.4157706093189964 0.3145716072545341 0.478494623655914 0.3145716072545341 0.5232974910394266 0.3133208255159475 0.5403225806451613 0.3070669168230144 0.553763440860215 0.3089430894308943 0.5609318996415771 0.42213883677298314 0.5591397849462365 0.4265165728580363 0.5564516129032258 0.4171357098186366 0.5197132616487455 0.4171357098186366 0.46236559139784944 0.42213883677298314 0.42383512544802865 0.4208880550343965 0.4103942652329749 0.36460287679799874 0.4211469534050179 0.3333333333333333 0.42025089605734767 0.31207004377736086 0.41308243727598565
5 0.6948092557848655 0.5707885304659498 0.6948092557848655 0.5860215053763441 0.699812382739212 0.5922939068100358 0.760475297060663 0.6102150537634409 0.7629768605378362 0.5985663082437276 0.7623514696685428 0.5698924731182796 0.7654784240150094 0.532258064516129 0.774859287054409 0.492831541218638 0.7892432770481551 0.4650537634408602 0.8005003126954346 0.4560931899641577 0.8198874296435272 0.4507168458781362 0.8217636022514071 0.44713261648745517 0.8205128205128205 0.44086021505376344 0.8161350844277674 0.4381720430107527 0.7817385866166354 0.4435483870967742 0.7592245153220762 0.44175627240143367 0.742338961851157 0.4274193548387097 0.734208880550344 0.43010752688172044 0.7229518449030644 0.45878136200716846 0.706066291432145 0.5170250896057348 0.6966854283927455 0.5528673835125448
0 0.233270794246404 0.4292114695340502 0.2326454033771107 0.43637992831541217 0.24265165728580362 0.47043010752688175 0.24577861163227016 0.5026881720430108 0.24577861163227016 0.5994623655913979 0.24953095684803 0.6980286738351255 0.2482801751094434 0.746415770609319 0.25203252032520324 0.7562724014336918 0.2595372107567229 0.7580645161290323 0.2701688555347092 0.7508960573476703 0.2695434646654159 0.681899641577061 0.2701688555347092 0.6783154121863799 0.2795497185741088 0.6747311827956989 0.34834271419637275 0.6845878136200717 0.35584740462789244 0.6899641577060932 0.35647279549718575 0.7096774193548387 0.358974358974359 0.7123655913978495 0.367104440275172 0.7132616487455197 0.37398373983739835 0.7096774193548387 0.3802376485303315 0.692652329749104 0.40150093808630394 0.6944444444444444 0.7573483427141964 0.7562724014336918 0.760475297060663 0.7598566308243727 0.7617260787992496 0.7706093189964157 0.7598499061913696 0.8566308243727598 0.7611006879299562 0.8629032258064516 0.7661038148843027 0.8673835125448028 0.7792370231394622 0.8682795698924731 0.7848655409631019 0.8602150537634409 0.7861163227016885 0.7876344086021505 0.8280175109443402 0.7876344086021505 0.8305190744215134 0.7974910394265233 0.8392745465916197 0.8001792114695341 0.8461538461538461 0.7983870967741935 0.8492808005003127 0.7921146953405018 0.8536585365853658 0.5170250896057348 0.8599124452782989 0.4883512544802867 0.8767979987492183 0.4507168458781362 0.8774233896185115 0.44265232974910396 0.8736710444027517 0.43727598566308246 0.8366166353971232 0.43548387096774194 0.8080050031269543 0.4274193548387097 0.7592245153220762 0.42383512544802865 0.7298311444652908 0.43189964157706096 0.7273295809881176 0.4229390681003584 0.434021263289556 0.40949820788530467 0.3989993746091307 0.4121863799283154 0.3971232020012508 0.40770609318996415 0.36460287679799874 0.41397849462365593 0.30956848030018763 0.41397849462365593 0.29956222639149466 0.41935483870967744 0.23764853033145716 0.42562724014336917