1 0.2789363920750782 0.3366637706342311 0.883733055265902 0.3627280625543006 0.8993743482794577 0.369244135534318 0.8889468196037539 0.4300608166811468 0.8524504692387904 0.42354474370112943 0.8524504692387904 0.39313640312771503 0.7299270072992701 0.4105125977410947 0.7142857142857143 0.46481320590790615 0.2711157455683003 0.4409209383145091 0.25547445255474455 0.3887923544743701
5 0.8394160583941606 0.40834057341442226 0.7455683003128258 0.4192006950477845 0.7194994786235662 0.49956559513466553 0.7507820646506778 0.501737619461338 0.7559958289885297 0.45612510860121636 0.8420229405630866 0.43440486533449174
5 0.24504692387904067 0.3779322328410078 0.12773722627737227 0.3887923544743701 0.13816475495307612 0.46481320590790615 0.2737226277372263 0.43874891398783666
6 0.1251303441084463 0.4126846220677672 0.08602711157455684 0.42788879235447436 0.08602711157455684 0.5473501303214596 0.10948905109489052 0.5473501303214596 0.10688216892596454 0.473501303214596 0.13034410844629823 0.4604691572545613
7 0.2659019812304484 0.44526498696785405 0.7221063607924921 0.47132927888792353 0.7221063607924921 0.501737619461338 0.7586027111574557 0.49956559513466553 0.7612095933263816 0.5690703735881842 0.11209593326381648 0.5169417897480452 0.11470281543274244 0.47567332754126845 0.14077163712200208 0.4626411815812337
2 0.1173096976016684 0.5234578627280626 0.7586027111574557 0.573414422241529 0.7664233576642335 0.6038227628149435 0.10427528675703858 0.549522154648132
3 0.9150156412930136 0.4300608166811468 0.8654848800834203 0.4300608166811468 0.7638164754953076 0.4539530842745439 0.7638164754953076 0.5994787141615986 0.7950990615224192 0.5994787141615986 0.9176225234619395 0.573414422241529
4 0.14337851929092804 0.5582102519548219 0.16684045881126172 0.5560382276281495 0.1616266944734098 0.6016507384882711 0.14077163712200208 0.605994787141616
4 0.27632950990615224 0.5712423979148566 0.29718456725756 0.5668983492615117 0.2867570385818561 0.5929626411815813
4 0.5265901981230449 0.5886185925282363 0.5474452554744526 0.5886185925282363 0.5370177267987487 0.610338835794961
4 0.7247132429614181 0.6038227628149435 0.7481751824817519 0.6038227628149435 0.7455683003128258 0.6472632493483927 0.7273201251303442 0.6472632493483927
0 0.08029197080291971 0.4257167680278019 0.08237747653806048 0.5421372719374457 0.09071949947862357 0.5482189400521286 0.14077163712200208 0.5490877497827976 0.1480709071949948 0.5572328410078193 0.1470281543274244 0.5942658557775847 0.15015641293013557 0.5977410947002606 0.15849843587069865 0.5951346655082537 0.15849843587069865 0.5655951346655083 0.1689259645464025 0.5516941789748045 0.27424400417101147 0.5595134665508253 0.278415015641293 0.573414422241529 0.28258602711157454 0.573414422241529 0.2944035453597498 0.5621198957428323 0.30552659019812306 0.5621198957428323 0.5224191866527633 0.580364900086881 0.5276329509906152 0.5864465682015638 0.529718456725756 0.5986099044309297 0.5370177267987487 0.5968722849695917 0.5464025026068822 0.5838401390095569 0.5537017726798749 0.582971329278888 0.6923879040667362 0.5942658557775847 0.7267987486965589 0.6012163336229366 0.7299270072992701 0.6472632493483927 0.7382690302398331 0.6516072980017377 0.7424400417101147 0.6481320590790617 0.7413972888425443 0.6090356211989574 0.7549530761209593 0.6003475238922676 0.7643378519290928 0.6038227628149435 0.7872784150156413 0.6046915725456126 0.8289885297184567 0.5942658557775847 0.835245046923879 0.6044743701129452 0.835245046923879 0.6194613379669852 0.8415015641293013 0.6211989574283232 0.8456725755995829 0.6194613379669852 0.8456725755995829 0.6020851433536055 0.8519290928050052 0.5881841876629018 0.9061522419186653 0.5742832319721981 0.9155370177267987 0.5647263249348393 0.9197080291970803 0.4448305821025195 0.9165797705943691 0.43527367506516074 0.8905109489051095 0.4283231972198089 0.8988529718456726 0.37445699391833187 0.8905109489051095 0.365768896611642 0.8717413972888426 0.35968722849695917 0.278415015641293 0.34144222415291053 0.27007299270072993 0.3466550825369244 0.26173096976016685 0.37185056472632494 0.25547445255474455 0.3788010425716768 0.24504692387904067 0.37619461337966986 0.16371220020855057 0.38575152041702865 0.1261730969760167 0.38662033014769764 0.11991657977059438 0.39009556907037357 0.12095933263816476 0.40312771503040834 0.11366006256517205 0.4152910512597741 0.08550573514077164 0.42050390964378803