1 0.1361111111111111 0.37777777777777777 0.13333333333333333 0.4638888888888889 0.1398148148148148 0.4675925925925926 0.17314814814814813 0.4685185185185185 0.19166666666666668 0.4777777777777778 0.20462962962962963 0.5037037037037037 0.20833333333333334 0.5370370370370371 0.24444444444444444 0.5472222222222223 0.32222222222222224 0.5472222222222223 0.3851851851851852 0.5333333333333333 0.44907407407407407 0.5444444444444444 0.5157407407407407 0.5462962962962963 0.5916666666666667 0.5342592592592592 0.6537037037037037 0.5435185185185185 0.700925925925926 0.5425925925925926 0.7185185185185186 0.5361111111111111 0.7240740740740741 0.5388888888888889 0.7240740740740741 0.5425925925925926 0.7481481481481481 0.5425925925925926 0.7685185185185185 0.5361111111111111 0.774074074074074 0.5259259259259259 0.7759259259259259 0.4962962962962963 0.7935185185185185 0.4759259259259259 0.8231481481481482 0.4685185185185185 0.8518518518518519 0.46944444444444444 0.8527777777777777 0.4666666666666667 0.85 0.37037037037037035 0.8453703703703703 0.35555555555555557 0.8351851851851851 0.3472222222222222 0.7944444444444444 0.34444444444444444 0.787962962962963 0.3314814814814815 0.7731481481481481 0.3277777777777778 0.6398148148148148 0.3287037037037037 0.6027777777777777 0.33055555555555555 0.5925925925925926 0.3351851851851852 0.5712962962962963 0.3296296296296296 0.5268518518518519 0.3277777777777778 0.42685185185185187 0.32685185185185184 0.40925925925925927 0.3287037037037037 0.3972222222222222 0.33425925925925926 0.3675925925925926 0.32407407407407407 0.22314814814814815 0.32592592592592595 0.20555555555555555 0.3277777777777778 0.18333333333333332 0.3416666666666667 0.15833333333333333 0.3416666666666667 0.14444444444444443 0.3453703703703704 0.13796296296296295 0.35648148148148145
6 0.09907407407407408 0.4935185185185185 0.09814814814814815 0.5074074074074074 0.10833333333333334 0.5342592592592592 0.10462962962962963 0.5527777777777778 0.10277777777777777 0.612037037037037 0.10555555555555556 0.7138888888888889 0.1111111111111111 0.7175925925925926 0.16111111111111112 0.7175925925925926 0.1638888888888889 0.6324074074074074 0.16018518518518518 0.5981481481481481 0.16574074074074074 0.5564814814814815 0.17314814814814813 0.5444444444444444 0.20185185185185187 0.5361111111111111 0.20277777777777778 0.5009259259259259 0.18888888888888888 0.4759259259259259 0.1638888888888889 0.4675925925925926 0.14351851851851852 0.4675925925925926 0.11944444444444445 0.47314814814814815 0.11203703703703703 0.47685185185185186
3 0.7787037037037037 0.5009259259259259 0.7777777777777778 0.5259259259259259 0.7814814814814814 0.5351851851851852 0.812037037037037 0.5453703703703704 0.8203703703703704 0.5694444444444444 0.8157407407407408 0.7203703703703703 0.8731481481481481 0.7222222222222222 0.8777777777777778 0.6037037037037037 0.8768518518518519 0.544675925925926 0.8731481481481481 0.5296296296296297 0.8814814814814815 0.5111111111111111 0.8796296296296297 0.4925925925925926 0.8694444444444445 0.47962962962962963 0.8527777777777777 0.47129629629629627 0.8101851851851852 0.47129629629629627 0.7925925925925926 0.47962962962962963
7 0.1675925925925926 0.5740740740740741 0.175 0.5962962962962963 0.1685185185185185 0.5990740740740741 0.17037037037037037 0.6101851851851852 0.16666666666666666 0.6175925925925926 0.1685185185185185 0.6296296296296297 0.17685185185185184 0.6370370370370371 0.24537037037037038 0.6416666666666667 0.2777777777777778 0.6388888888888888 0.29259259259259257 0.6416666666666667 0.7351851851851852 0.6453703703703704 0.8101851851851852 0.6388888888888888 0.8148148148148148 0.6370370370370371 0.8175925925925925 0.6231481481481481 0.8166666666666667 0.562037037037037 0.8064814814814815 0.5444444444444444 0.7916666666666666 0.5425925925925926 0.775 0.5416666666666666 0.7398148148148148 0.5537037037037037 0.7287037037037037 0.55 0.6527777777777778 0.549074074074074 0.6138888888888889 0.5398148148148149 0.5916666666666667 0.5388888888888889 0.5305555555555556 0.549074074074074 0.45185185185185184 0.549074074074074 0.4064814814814815 0.5398148148148149 0.3685185185185185 0.5388888888888889 0.35555555555555557 0.5425925925925926 0.3509259259259259 0.5564814814814815 0.33425925925925926 0.5601851851851852 0.3314814814814815 0.5564814814814815 0.30277777777777776 0.5518518518518518 0.24444444444444444 0.5509259259259259 0.23796296296296296 0.5537037037037037 0.22037037037037038 0.5509259259259259 0.21296296296296297 0.5435185185185185 0.19907407407407407 0.5407407407407407 0.1814814814814815 0.5453703703703704 0.1712962962962963 0.5546296296296296
2 0.38981481481481484 0.6435185185185185 0.38981481481481484 0.7064814814814815 0.3861111111111111 0.7101851851851851 0.4074074074074074 0.7175925925925926 0.45092592592592595 0.7166666666666667 0.44722222222222224 0.7083333333333334 0.4462962962962963 0.6805555555555556 0.45092592592592595 0.6472222222222223 0.4027777777777778 0.6398148148148148
2 0.1675925925925926 0.6398148148148148 0.1675925925925926 0.6981481481481482 0.17407407407407408 0.7064814814814815 0.20555555555555555 0.7203703703703703 0.3592592592592593 0.7185185185185186 0.37777777777777777 0.7166666666666667 0.3824074074074074 0.7074074074074074 0.38333333333333336 0.6462962962962963 0.37962962962962965 0.6370370370370371 0.31296296296296294 0.6444444444444445 0.25 0.6435185185185185 0.23981481481481481 0.6462962962962963
2 0.4546296296296296 0.6537037037037037 0.4537037037037037 0.7166666666666667 0.4601851851851852 0.7185185185185186 0.5481481481481482 0.7185185185185186 0.5666666666666667 0.7166666666666667 0.5796296296296296 0.7101851851851851 0.5814814814814815 0.7129629629629629 0.5925925925925926 0.7111111111111111 0.5981481481481481 0.7166666666666667 0.6509259259259259 0.7222222222222222 0.7342592592592593 0.7240740740740741 0.812037037037037 0.7203703703703703 0.8148148148148148 0.6527777777777778 0.8101851851851852 0.6416666666666667 0.7435185185185185 0.6481481481481481 0.6675925925925926 0.6481481481481481 0.6101851851851852 0.6407407407407407 0.5935185185185186 0.6435185185185185 0.5888888888888889 0.6361111111111111 0.5851851851851851 0.6361111111111111 0.55 0.6416666666666667 0.4666666666666667 0.6444444444444445 0.4583333333333333 0.6462962962962963
4 0.3537037037037037 0.7203703703703703 0.33796296296296297 0.7240740740740741 0.3416666666666667 0.7277777777777777 0.3592592592592593 0.7305555555555555 0.43148148148148147 0.7231481481481481 0.4 0.7175925925925926
4 0.18796296296296297 0.7231481481481481 0.18703703703703703 0.7305555555555555 0.19907407407407407 0.7333333333333333 0.23055555555555557 0.7240740740740741
4 0.5583333333333333 0.7194444444444444 0.5601851851851852 0.7231481481481481 0.5907407407407408 0.7305555555555555 0.6296296296296297 0.7314814814814815 0.6351851851851852 0.7277777777777777 0.6324074074074074 0.7231481481481481 0.6240740740740741 0.7212962962962963
4 0.7712962962962963 0.725 0.7796296296296297 0.737037037037037 0.7898148148148149 0.737037037037037 0.7972222222222223 0.7314814814814815 0.7842592592592592 0.7231481481481481
0 0.1 0.49444444444444446 0.1 0.5092592592592593 0.10925925925925926 0.524074074074074 0.1037037037037037 0.5833333333333334 0.1037037037037037 0.6685185185185185 0.10555555555555556 0.7101851851851851 0.1111111111111111 0.7166666666666667 0.1726851851851852 0.7185185185185186 0.19722222222222222 0.7314814814814815 0.23425925925925925 0.7212962962962963 0.3277777777777778 0.7194444444444444 0.3611111111111111 0.7296296296296296 0.3675925925925926 0.7268518518518519 0.7861111111111111 0.737037037037037 0.7935185185185185 0.7342592592592593 0.7925925925925926 0.7268518518518519 0.7981481481481482 0.7212962962962963 0.8740740740740741 0.7203703703703703 0.8768518518518519 0.5416666666666666 0.8722222222222222 0.5268518518518519 0.8796296296296297 0.512962962962963 0.8805555555555555 0.5 0.8712962962962963 0.48333333333333334 0.8574074074074074 0.475 0.85 0.44166666666666665 0.8490740740740741 0.3675925925925926 0.8416666666666667 0.3509259259259259 0.825 0.3453703703703704 0.799074074074074 0.3472222222222222 0.787962962962963 0.3314814814814815 0.7796296296296297 0.3277777777777778 0.575925925925926 0.33055555555555555 0.4324074074074074 0.32592592592592595 0.40555555555555556 0.3296296296296296 0.39351851851851855 0.3351851851851852 0.38333333333333336 0.32685185185185184 0.37037037037037035 0.32407407407407407 0.2111111111111111 0.32685185185185184 0.19722222222222222 0.3314814814814815 0.18981481481481483 0.3416666666666667 0.1527777777777778 0.3425925925925926 0.14074074074074075 0.35 0.13703703703703704 0.3638888888888889 0.13333333333333333 0.46087962962962964 0.12777777777777777 0.47129629629629627 0.11388888888888889 0.47685185185185186