0 0.07356770833333333 0.5324773413897281 0.07421875 0.7552870090634441 0.07682291666666667 0.7590634441087614 0.099609375 0.7628398791540786 0.10546875 0.7802114803625377 0.12239583333333333 0.7787009063444109 0.130859375 0.7583081570996979 0.3704427083333333 0.7560422960725075 0.4967447916666667 0.7560422960725075 0.5286458333333334 0.7590634441087614 0.6184895833333334 0.7560422960725075 0.8938802083333334 0.7575528700906344 0.8997395833333334 0.7598187311178247 0.9049479166666666 0.777190332326284 0.9127604166666666 0.7794561933534743 0.9244791666666666 0.7787009063444109 0.9270833333333334 0.770392749244713 0.9377167968750001 0.7598187311178247 0.9485677083333334 0.7590634441087614 0.9505208333333334 0.7560422960725075 0.9524739583333334 0.7326283987915407 0.9524739583333334 0.5354984894259819 0.94921875 0.5188821752265861 0.935546875 0.5113293051359517 0.9108072916666666 0.506797583081571 0.87109375 0.5030211480362538 0.8385416666666666 0.5052870090634441 0.8365885416666666 0.5022658610271903 0.8326822916666666 0.4425981873111782 0.826171875 0.43202416918429004 0.8177083333333334 0.42900302114803623 0.7669270833333334 0.42673716012084595 0.20572916666666666 0.4282477341389728 0.19466145833333334 0.43202416918429004 0.1875 0.44108761329305135 0.18359375 0.4954682779456193 0.17578125 0.5037764350453172 0.14778645833333334 0.5030211480362538 0.09440104166666667 0.5098187311178247 0.07877604166666667 0.5166163141993958 0.07421875 0.5249244712990937
1 0.185546875 0.459214501510574 0.185546875 0.4735649546827795 0.18880208333333334 0.48489425981873113 0.18489583333333334 0.486404833836858 0.185546875 0.5022658610271903 0.18229166666666666 0.55702416918429 0.18391927083333334 0.5834592145015106 0.18717447916666666 0.5947885196374623 0.2197265625 0.591012084592145 0.2197265625 0.5551359516616314 0.22623697916666666 0.5173716012084593 0.22200520833333334 0.4773413897280967 0.23958333333333334 0.47658610271903323 0.234375 0.4814954682779456 0.259765625 0.48413897280966767 0.3020833333333333 0.48413897280966767 0.3138020833333333 0.4811178247734139 0.3177083333333333 0.48338368580060426 0.3294270833333333 0.4788519637462236 0.3587239583333333 0.4818731117824773 0.3606770833333333 0.4879154078549849 0.35546875 0.5211480362537765 0.35546875 0.5513595166163142 0.3567708333333333 0.5868580060422961 0.359375 0.5959214501510574 0.4427083333333333 0.595166163141994 0.4466145833333333 0.5566465256797583 0.4401041666666667 0.4871601208459215 0.447265625 0.4788519637462236 0.5006510416666666 0.48564954682779454 0.5358072916666666 0.48564954682779454 0.5690104166666666 0.4811178247734139 0.5810546875 0.600453172205438 0.5973307291666666 0.591012084592145 0.5989583333333334 0.5891238670694864 0.6022135416666666 0.5966767371601208 0.6461588541666666 0.6042296072507553 0.6354166666666666 0.47507552870090636 0.6477864583333334 0.5947885196374623 0.6588541666666666 0.4788519637462236 0.689453125 0.48564954682779454 0.7486979166666666 0.48489425981873113 0.7682291666666666 0.48036253776435045 0.7779947916666666 0.4811178247734139 0.7819010416666666 0.48564954682779454 0.78125 0.5385196374622356 0.7864583333333334 0.595166163141994 0.8313802083333334 0.5959214501510574 0.8352864583333334 0.5891238670694864 0.8346354166666666 0.4561933534743202 0.8313802083333334 0.4380664652567976 0.826171875 0.43202416918429004 0.814453125 0.4282477341389728 0.22005208333333334 0.42749244712990936 0.20833333333333334 0.4282477341389728 0.19205729166666666 0.4350453172205438 0.18880208333333334 0.44033232628398794
5 0.6471354166666666 0.48036253776435045 0.6536458333333334 0.5347432024169184 0.654296875 0.5800604229607251 0.6516927083333334 0.5944108761329305 0.6536458333333334 0.5981873111782477 0.779296875 0.5974320241691843 0.7825520833333334 0.595166163141994 0.7786458333333334 0.5338799093655588 0.7786458333333334 0.48489425981873113 0.7098522135416667 0.48867069486404835
5 0.4420572916666667 0.48036253776435045 0.4479166666666667 0.5400302114803626 0.4459635416666667 0.5974320241691843 0.5768229166666666 0.5959214501510574 0.5735677083333334 0.5435045317220544 0.5748697916666666 0.48413897280966767 0.4921875 0.4879154078549849
5 0.22265625 0.48036253776435045 0.22721354166666666 0.5438066465256798 0.224609375 0.5966767371601208 0.353515625 0.5974320241691843 0.3561197916666667 0.595166163141994 0.3541666666666667 0.5196374622356495 0.3580729166666667 0.48867069486404835 0.3567708333333333 0.48413897280966767 0.2779947916666667 0.48867069486404835
7 0.13151041666666666 0.6404833836858006 0.13151041666666666 0.6933534743202417 0.134765625 0.6978851963746223 0.146484375 0.6993957703927492 0.8359375 0.7001510574018127 0.8873697916666666 0.6963746223564955 0.8919270833333334 0.68202416918429 0.890625 0.6518126888217523 0.892578125 0.6404833836858006 0.8880208333333334 0.6246223564954683 0.873046875 0.6117824773413897 0.8365885416666666 0.5996978851963746 0.7506510416666666 0.600453172205438 0.732421875 0.6049848942598187 0.7096354166666666 0.6012084592145015 0.6946614583333334 0.601963746223565 0.6927083333333334 0.6042296072507553 0.662109375 0.6042296072507553 0.640625 0.5981873111782477 0.197265625 0.5981873111782477 0.17447916666666666 0.601963746223565 0.14713541666666666 0.6140483383685801 0.13411458333333334 0.6261329305135952
2 0.13020833333333334 0.7031722054380665 0.12955729166666666 0.7515105740181269 0.13151041666666666 0.7575528700906344 0.13932291666666666 0.7590634441087614 0.4921875 0.7583081570996979 0.5123697916666666 0.7545317220543807 0.5305989583333334 0.7545317220543807 0.5390625 0.7583081570996979 0.8606770833333334 0.7583081570996979 0.8899739583333334 0.7560422960725075 0.892578125 0.7515105740181269 0.884765625 0.7492447129909365 0.8815104166666666 0.7416918429003021 0.8880208333333334 0.7311178247734139 0.8893229166666666 0.7099697885196374 0.8815104166666666 0.7009063444108762 0.8704427083333334 0.6993957703927492 0.6881510416666666 0.6993957703927492 0.662109375 0.7016616314199395 0.60546875 0.6993957703927492 0.5794270833333334 0.7016616314199395 0.564453125 0.6993957703927492 0.13346354166666666 0.695619335347432
6 0.07421875 0.5241691842900302 0.07421875 0.7537764350453172 0.07682291666666667 0.7583081570996979 0.08463541666666667 0.7598187311178247 0.109375 0.7583081570996979 0.12109375 0.7484894259818731 0.126953125 0.7484894259818731 0.12760416666666666 0.7379154078549849 0.12434895833333333 0.7341389728096677 0.126953125 0.7114803625377644 0.12434895833333333 0.7061933534743202 0.12955729166666666 0.6835347432024169 0.12760416666666666 0.6714501510574018 0.13020833333333334 0.6676737160120846 0.12825520833333334 0.6661631419939577 0.13020833333333334 0.6533232628398792 0.12565104166666666 0.649546827794562 0.13020833333333334 0.6412386706948641 0.12955729166666666 0.6336858006042296 0.13411458333333334 0.6231117824773413 0.14583333333333334 0.6110271903323263 0.16666666666666666 0.5989425981873112 0.17252604166666666 0.5981873111782477 0.185546875 0.5966767371601208 0.18098958333333334 0.552870090634441 0.18098958333333334 0.5354984894259819 0.185546875 0.5302114803625377 0.18684895833333334 0.5037764350453172 0.185546875 0.5007552870090635 0.17578125 0.5045317220543807 0.14713541666666666 0.5030211480362538 0.09895833333333333 0.5083081570996979 0.08072916666666667 0.5151057401812689
3 0.837890625 0.5264350453172205 0.8372395833333334 0.5619335347432024 0.8411458333333334 0.5944108761329305 0.8522135416666666 0.6027190332326284 0.8776041666666666 0.6117824773413897 0.8899739583333334 0.6238670694864048 0.892578125 0.6299093655589124 0.89453125 0.6397280966767371 0.8958333333333334 0.7552870090634441 0.904296875 0.7605740181268882 0.9251302083333334 0.7598187311178247 0.9264322916666666 0.7575528700906344 0.9309895833333334 0.7598187311178247 0.9505208333333334 0.7583081570996979 0.9524739583333334 0.7348942598187311 0.9524739583333334 0.5287009063444109 0.9498697916666666 0.5196374622356495 0.9381510416666666 0.5120845921450151 0.9231770833333334 0.5083081570996979 0.85546875 0.5030211480362538 0.83984375 0.5075528700906344
4 0.5052083333333334 0.7598187311178247 0.505859375 0.7787009063444109 0.5084635416666666 0.7817220543806647 0.5234375 0.7824773413897281 0.52734375 0.7794561933534743 0.529296875 0.7605740181268882
4 0.10026041666666667 0.7605740181268882 0.1015625 0.7764350453172205 0.10546875 0.7824773413897281 0.12044270833333333 0.7824773413897281 0.125 0.7794561933534743 0.12890625 0.7605740181268882
1 0.18619791666666666 0.5566465256797583 0.18880208333333334 0.5808157099697885 0.185546875 0.5861027190332326 0.18880208333333334 0.5913897280966768 0.19205729166666666 0.595166163141994 0.21549479166666666 0.595166163141994 0.22005208333333334 0.5898791540785498 0.224609375 0.574773413897281 0.22330729166666666 0.5264350453172205 0.19401041666666666 0.5196374622356495 0.19466145833333334 0.5151057401812689 0.18880208333333334 0.513595166163142
4 0.9016927083333334 0.7605740181268882 0.90234375 0.7734138972809668 0.9055989583333334 0.7817220543806647 0.9205729166666666 0.7832326283987915 0.9264322916666666 0.7809667673716012 0.9309895833333334 0.7651057401812689 0.9296875 0.7605740181268882
1 0.5768229166666666 0.5219033232628398 0.5774739583333334 0.5845921450151057 0.5813802083333334 0.595166163141994 0.5944010416666666 0.5913897280966768 0.6022135416666666 0.595166163141994 0.6393229166666666 0.595166163141994 0.6438802083333334 0.5891238670694864 0.642578125 0.5845921450151057 0.650390625 0.5808157099697885 0.6510416666666666 0.5626888217522659 0.6484375 0.5611782477341389 0.650390625 0.5354984894259819 0.6263020833333334 0.5354984894259819 0.623046875 0.5309667673716012 0.6204427083333334 0.5354984894259819 0.6048177083333334 0.5354984894259819 0.5963541666666666 0.525679758308157 0.5950520833333334 0.5196374622356495