3 0.9150156412930136 0.42137271937445697 0.7846715328467153 0.43440486533449174 0.7455683003128258 0.46915725456125107 0.7191866527632952 0.5537358818418766 0.7165797705943692 0.6145525629887055 0.7478623566214807 0.6297567332754127 0.8651720542231491 0.5776281494352737
2 0.7142857142857143 0.5668983492615117 0.14859228362878 0.5191138140747177 0.12773722627737227 0.5625543006081668 0.7194994786235662 0.6233709817549956
4 0.15380604796663191 0.5690703735881842 0.1772679874869656 0.573414422241529 0.16944734098018768 0.5864465682015638 0.145985401459854 0.5864465682015638
4 0.28936392075078204 0.5864465682015638 0.31282586027111575 0.5821025195482189 0.31282586027111575 0.5994787141615986 0.2841501564129301 0.605994787141616
4 0.34410844629822734 0.5886185925282363 0.3623566214807091 0.5907906168549087 0.3597497393117831 0.6081668114682884 0.33889468196037537 0.6081668114682884
4 0.48227320125130346 0.6038227628149435 0.5057351407716372 0.6038227628149435 0.5005213764337852 0.6190269331016507 0.4744525547445255 0.6190269331016507
4 0.5448383733055265 0.610338835794961 0.5656934306569343 0.610338835794961 0.5630865484880083 0.6277150304083405 0.5422314911366006 0.6277150304083405
4 0.7064650677789364 0.6255430060816681 0.7247132429614181 0.6277150304083405 0.7299270072992701 0.6472632493483927 0.7038581856100105 0.6472632493483927
6 0.25547445255474455 0.38662033014769764 0.0808133472367049 0.4061685490877498 0.12773722627737227 0.573414422241529 0.145985401459854 0.5125977410947002 0.12252346193952034 0.4952215464813206 0.26068821689259647 0.4582971329278888 0.2789363920750782 0.4409209383145091
7 0.26329509906152243 0.4582971329278888 0.59436913451512 0.4843614248479583 0.7481751824817519 0.48653344917463076 0.7221063607924921 0.5582102519548219 0.13816475495307612 0.5104257167680278 0.13816475495307612 0.4908774978279757
5 0.31282586027111575 0.3735881841876629 0.34410844629822734 0.3887923544743701 0.4040667361835245 0.3735881841876629 0.37017726798748696 0.46481320590790615 0.26850886339937435 0.4582971329278888 0.29979144942648595 0.4192006950477845
5 0.48227320125130346 0.3735881841876629 0.516162669447341 0.3887923544743701 0.591762252346194 0.3779322328410078 0.5656934306569343 0.47567332754126845 0.4483837330552659 0.46915725456125107
5 0.6751824817518248 0.3735881841876629 0.7247132429614181 0.39748045178105995 0.7924921793534933 0.38662033014769764 0.7794577685088634 0.4430929626411816 0.735140771637122 0.4843614248479583 0.6386861313868614 0.4800173761946134
1 0.26329509906152243 0.3779322328410078 0.29979144942648595 0.38662033014769764 0.2841501564129301 0.4322328410078193
1 0.4118873826903024 0.39096437880104257 0.4640250260688217 0.39313640312771503 0.4483837330552659 0.46915725456125107 0.3962460896767466 0.4626411815812337
1 0.59436913451512 0.39748045178105995 0.664754953076121 0.39748045178105995 0.6386861313868614 0.47132927888792353 0.5761209593326382 0.473501303214596
1 0.8003128258602711 0.3996524761077324 0.9098018769551617 0.4061685490877498 0.7950990615224192 0.42788879235447436
0 0.08342022940563086 0.40312771503040834 0.08133472367049009 0.4161598609904431 0.10948905109489052 0.5334491746307559 0.11887382690302398 0.5577758470894874 0.13034410844629823 0.5673327541268463 0.1454640250260688 0.5664639443961772 0.16266944734098018 0.573414422241529 0.5495307612095933 0.6116420503909644 0.5599582898852972 0.6116420503909644 0.5662148070907195 0.6072980017376195 0.5901981230448383 0.6125108601216334 0.694473409801877 0.6220677671589921 0.7267987486965589 0.629887054735013 0.7685088633993743 0.6220677671589921 0.8633993743482794 0.578627280625543 0.8936392075078207 0.5073848827106864 0.9186652763295099 0.4274543874891399 0.9176225234619395 0.4109470026064292 0.9040667361835245 0.40573414422241527 0.8832116788321168 0.4092093831450912 0.8133472367049009 0.40747176368375326 0.794577685088634 0.3979148566463944 0.7977059436913452 0.39096437880104257 0.794577685088634 0.3848827106863597 0.7205422314911366 0.3979148566463944 0.6746611053180396 0.37619461337966986 0.670490093847758 0.3788010425716768 0.6663190823774765 0.3970460469157255 0.62148070907195 0.3979148566463944 0.5881126173096975 0.3935708079930495 0.5881126173096975 0.37619461337966986 0.5307612095933264 0.38748913987836664 0.5088633993743483 0.38575152041702865 0.4807090719499479 0.37532580364900087 0.3023983315954119 0.37185056472632494 0.28988529718456724 0.3848827106863597 0.26903023983315955 0.3796698523023458 0.25547445255474455 0.38662033014769764 0.12825860271115747 0.4005212858384014 0.10844629822732013 0.40660295395308427