5 0.23177083333333334 0.43359375 0.23697916666666666 0.46875 0.2421875 0.5436197916666666 0.2838541666666667 0.5611979166666666 0.2890625 0.5690104166666666 0.2890625 0.5930989583333334 0.291015625 0.5963541666666666 0.3984375 0.5852864583333334 0.3971354166666667 0.5065104166666666 0.3834635416666667 0.427734375 0.3743489583333333 0.4264322916666667 0.333984375 0.431640625 0.3079427083333333 0.4303385416666667 0.2890625 0.4329427083333333 0.234375 0.4303385416666667
5 0.4205729166666667 0.427734375 0.4270833333333333 0.4889322916666667 0.4303385416666667 0.4967447916666667 0.4322916666666667 0.568359375 0.435546875 0.5833333333333334 0.5123697916666666 0.5794270833333334 0.5703125 0.5709635416666666 0.5703125 0.4954427083333333 0.5533854166666666 0.4225260416666667 0.548828125 0.4212239583333333 0.4817708333333333 0.427734375 0.4329427083333333 0.4251302083333333
5 0.587890625 0.421875 0.6022135416666666 0.568359375 0.6139322916666666 0.5696614583333334 0.6901041666666666 0.564453125 0.7233072916666666 0.55859375 0.7239583333333334 0.509765625 0.7220052083333334 0.494140625 0.724609375 0.4908854166666667 0.7239583333333334 0.4837239583333333 0.7076822916666666 0.419921875 0.6985677083333334 0.4173177083333333 0.6712239583333334 0.421875 0.6634114583333334 0.419921875 0.5911458333333334 0.419921875
1 0.17057291666666666 0.4375 0.17057291666666666 0.5240885416666666 0.234375 0.5436197916666666 0.240234375 0.5390625 0.240234375 0.51953125 0.234375 0.4596354166666667 0.23046875 0.443359375 0.23111979166666666 0.431640625 0.23828125 0.4283854166666667 0.291015625 0.4309895833333333 0.3111979166666667 0.427734375 0.3313802083333333 0.4303385416666667 0.3834635416666667 0.42578125 0.3860677083333333 0.4303385416666667 0.3938802083333333 0.4876302083333333 0.3977864583333333 0.4967447916666667 0.3997395833333333 0.5729166666666666 0.4010416666666667 0.5794270833333334 0.408203125 0.5813802083333334 0.4283854166666667 0.578125 0.4303385416666667 0.57421875 0.427734375 0.513671875 0.4186197916666667 0.4361979166666667 0.4205729166666667 0.4251302083333333 0.4772135416666667 0.42578125 0.5540364583333334 0.4205729166666667 0.5572916666666666 0.4251302083333333 0.5598958333333334 0.4446614583333333 0.5716145833333334 0.4895833333333333 0.5735677083333334 0.5670572916666666 0.580078125 0.5677083333333334 0.5950520833333334 0.5657552083333334 0.5983072916666666 0.5572916666666666 0.5852864583333334 0.435546875 0.5846354166666666 0.4270833333333333 0.5872395833333334 0.419921875 0.6731770833333334 0.4192708333333333 0.697265625 0.4147135416666667 0.6920572916666666 0.412109375 0.6647135416666666 0.4108072916666667 0.20182291666666666 0.4225260416666667 0.17513020833333334 0.4251302083333333
6 0.11393229166666667 0.5390625 0.11328125 0.7337239583333334 0.115234375 0.7415364583333334 0.13411458333333334 0.75390625 0.140625 0.7649739583333334 0.13802083333333334 0.7688802083333334 0.13932291666666666 0.7721354166666666 0.146484375 0.779296875 0.154296875 0.7799479166666666 0.15755208333333334 0.7760416666666666 0.16536458333333334 0.7760416666666666 0.22721354166666666 0.8177083333333334 0.24348958333333334 0.8177083333333334 0.25 0.8131510416666666 0.255859375 0.8125 0.263671875 0.81640625 0.2649739583333333 0.8209635416666666 0.265625 0.8125 0.2819010416666667 0.8053385416666666 0.2864583333333333 0.794921875 0.28515625 0.767578125 0.2884114583333333 0.705078125 0.287109375 0.5703125 0.2819010416666667 0.5631510416666666 0.2721354166666667 0.5572916666666666 0.2513020833333333 0.5533854166666666 0.22981770833333334 0.5436197916666666 0.1640625 0.5260416666666666 0.142578125 0.525390625 0.12109375 0.5286458333333334 0.11588541666666667 0.5319010416666666
3 0.7272135416666666 0.498046875 0.7259114583333334 0.54296875 0.7291666666666666 0.556640625 0.8313802083333334 0.5755208333333334 0.8489583333333334 0.5826822916666666 0.8567708333333334 0.59765625 0.8580729166666666 0.6100260416666666 0.8600260416666666 0.693359375 0.857421875 0.7161458333333334 0.8626302083333334 0.7200520833333334 0.8697916666666666 0.720703125 0.8958333333333334 0.7135416666666666 0.8997395833333334 0.7063802083333334 0.9016927083333334 0.5384114583333334 0.8997395833333334 0.521484375 0.88671875 0.515625 0.8704427083333334 0.5130208333333334 0.7421875 0.4967447916666667 0.7298177083333334 0.49609375
7 0.2890625 0.6028645833333334 0.2903645833333333 0.701171875 0.294921875 0.705078125 0.3255208333333333 0.69921875 0.412109375 0.6907552083333334 0.5729166666666666 0.669921875 0.6471354166666666 0.6634114583333334 0.6555989583333334 0.66015625 0.7135416666666666 0.6536458333333334 0.7890625 0.650390625 0.7994791666666666 0.64453125 0.8391927083333334 0.6399739583333334 0.8509114583333334 0.6419270833333334 0.8580729166666666 0.6360677083333334 0.8567708333333334 0.6002604166666666 0.849609375 0.5846354166666666 0.8424479166666666 0.5787760416666666 0.7356770833333334 0.560546875 0.6959635416666666 0.56640625 0.64453125 0.568359375 0.6080729166666666 0.5729166666666666 0.5872395833333334 0.568359375 0.5696614583333334 0.5755208333333334 0.5110677083333334 0.5826822916666666 0.4427083333333333 0.5859375 0.4244791666666667 0.5794270833333334 0.408203125 0.5826822916666666 0.3977864583333333 0.5891927083333334 0.2955729166666667 0.5983072916666666
2 0.2884114583333333 0.7096354166666666 0.287109375 0.8014322916666666 0.2890625 0.8040364583333334 0.296875 0.8046875 0.8463541666666666 0.7213541666666666 0.84765625 0.7141927083333334 0.8541666666666666 0.712890625 0.8509114583333334 0.7096354166666666 0.85546875 0.6783854166666666 0.8528645833333334 0.6712239583333334 0.8561197916666666 0.6647135416666666 0.85546875 0.654296875 0.8541666666666666 0.6438802083333334 0.8502604166666666 0.6399739583333334 0.3352864583333333 0.6985677083333334 0.2994791666666667 0.7044270833333334
4 0.22721354166666666 0.8170572916666666 0.2265625 0.8268229166666666 0.234375 0.8489583333333334 0.25 0.8509114583333334 0.2584635416666667 0.8489583333333334 0.2623697916666667 0.8450520833333334 0.267578125 0.8248697916666666 0.267578125 0.8131510416666666
4 0.849609375 0.72265625 0.8489583333333334 0.734375 0.853515625 0.748046875 0.8743489583333334 0.7493489583333334 0.8802083333333334 0.734375 0.8802083333333334 0.7194010416666666
4 0.13606770833333334 0.7584635416666666 0.13606770833333334 0.7688802083333334 0.140625 0.7805989583333334 0.15690104166666666 0.7825520833333334 0.16471354166666666 0.779296875 0.16145833333333334 0.7747395833333334
0 0.11263020833333333 0.5462239583333334 0.11393229166666667 0.740234375 0.1328125 0.755859375 0.13671875 0.7727864583333334 0.14127604166666666 0.7799479166666666 0.154296875 0.7825520833333334 0.16080729166666666 0.779296875 0.171875 0.7819010416666666 0.20638020833333334 0.8072916666666666 0.22330729166666666 0.8157552083333334 0.23111979166666666 0.8430989583333334 0.234375 0.8483072916666666 0.240234375 0.849609375 0.2591145833333333 0.84765625 0.2649739583333333 0.8385416666666666 0.2682291666666667 0.8170572916666666 0.2845052083333333 0.8059895833333334 0.296875 0.806640625 0.4837239583333333 0.7760416666666666 0.640625 0.7545572916666666 0.6647135416666666 0.7486979166666666 0.7135416666666666 0.744140625 0.7291666666666666 0.7395833333333334 0.833984375 0.72265625 0.83984375 0.72265625 0.8489583333333334 0.7278645833333334 0.8515625 0.7447916666666666 0.85546875 0.748046875 0.8697916666666666 0.75 0.8763020833333334 0.7467447916666666 0.880859375 0.73046875 0.880859375 0.7200520833333334 0.896484375 0.7135416666666666 0.8997395833333334 0.7063802083333334 0.9010416666666666 0.52734375 0.8984375 0.5201822916666666 0.888671875 0.5162760416666666 0.8665364583333334 0.5130208333333334 0.8203125 0.5091145833333334 0.7330729166666666 0.49609375 0.7278645833333334 0.4921875 0.7272135416666666 0.486328125 0.72265625 0.48046875 0.7252604166666666 0.4772135416666667 0.7213541666666666 0.4739583333333333 0.7135416666666666 0.431640625 0.708984375 0.4290364583333333 0.7076822916666666 0.4186197916666667 0.6998697916666666 0.4147135416666667 0.6829427083333334 0.4114583333333333 0.6516927083333334 0.4108072916666667 0.6067708333333334 0.4147135416666667 0.490234375 0.4153645833333333 0.4752604166666667 0.41796875 0.462890625 0.416015625 0.453125 0.4186197916666667 0.435546875 0.4166666666666667 0.4088541666666667 0.419921875 0.3098958333333333 0.4186197916666667 0.2688802083333333 0.4225260416666667 0.240234375 0.4212239583333333 0.20182291666666666 0.4225260416666667 0.1875 0.42578125 0.18033854166666666 0.4244791666666667 0.17513020833333334 0.4290364583333333 0.171875 0.4283854166666667 0.17122395833333334 0.5181946614583334 0.16666666666666666 0.5266927083333334 0.15559895833333334 0.5240885416666666 0.12565104166666666 0.5260416666666666 0.115234375 0.5325520833333334