7 0.2346193952033368 0.45612510860121636 0.4118873826903024 0.47132927888792353 0.6074035453597497 0.4908774978279757 0.7559958289885297 0.501737619461338 0.7403545359749739 0.577758470894874 0.145985401459854 0.5082536924413553 0.16684045881126172 0.47567332754126845
6 0.2346193952033368 0.37141615986099047 0.0808133472367049 0.4061685490877498 0.1329509906152242 0.5668983492615117 0.14859228362878 0.5668983492615117 0.14077163712200208 0.5039096437880104 0.15901981230448384 0.46915725456125107 0.2424400417101147 0.44960903562119897 0.26068821689259647 0.44526498696785405
3 0.9150156412930136 0.41702867072111205 0.8289885297184567 0.44960903562119897 0.7612095933263816 0.49739357080799307 0.7455683003128258 0.5712423979148566 0.7325338894681961 0.6277150304083405 0.7742440041710115 0.6364031277150304 0.8498435870698644 0.5864465682015638
5 0.2789363920750782 0.3627280625543006 0.32586027111574556 0.37141615986099047 0.38842544316996874 0.3649000868809731 0.36496350364963503 0.4582971329278888 0.25547445255474455 0.4539530842745439
5 0.46663190823774764 0.3649000868809731 0.5213764337851929 0.3822762814943527 0.583941605839416 0.37576020851433534 0.5761209593326382 0.4778453518679409 0.5031282586027112 0.46915725456125107 0.45099061522419187 0.46481320590790615
5 0.6673618352450469 0.3887923544743701 0.7247132429614181 0.4018245004344049 0.7950990615224192 0.39313640312771503 0.7638164754953076 0.501737619461338 0.6412930135557873 0.4843614248479583 0.6543274244004171 0.4474370112945265
1 0.24504692387904067 0.369244135534318 0.26850886339937435 0.37141615986099047 0.2659019812304484 0.4300608166811468
1 0.39363920750782067 0.3822762814943527 0.4562043795620438 0.38662033014769764 0.43274244004171014 0.4604691572545613 0.3753910323253389 0.45612510860121636
1 0.591762252346194 0.39096437880104257 0.6595411887382691 0.39748045178105995 0.6386861313868614 0.48218940052128584 0.5891553701772679 0.48218940052128584
1 0.8003128258602711 0.40834057341442226 0.9098018769551617 0.41702867072111205 0.7846715328467153 0.47567332754126845 0.7742440041710115 0.4952215464813206
2 0.15380604796663191 0.5212858384013901 0.7403545359749739 0.5842745438748914 0.7273201251303442 0.634231103388358 0.14859228362878 0.5625543006081668
0 0.08133472367049009 0.40139009556907035 0.08237747653806048 0.42311033883579496 0.09280500521376434 0.4622067767158992 0.11991657977059438 0.5412684622067767 0.1334723670490094 0.5638575152041703 0.2857142857142857 0.578627280625543 0.32429614181439 0.5864465682015638 0.3368091762252346 0.5855777584708949 0.35662148070907196 0.5916594265855778 0.7403545359749739 0.6403127715030409 0.7799791449426486 0.635968722849696 0.8498435870698644 0.5838401390095569 0.8967674661105318 0.4900086880973067 0.9186652763295099 0.4265855777584709 0.9176225234619395 0.4161598609904431 0.9051094890510949 0.4126846220677672 0.872784150156413 0.4135534317984361 0.8050052137643379 0.40834057341442226 0.7956204379562044 0.40312771503040834 0.7966631908237748 0.3935708079930495 0.7695516162669447 0.3987836663770634 0.5901981230448383 0.37011294526498695 0.5349322210636079 0.3796698523023458 0.49635036496350365 0.37271937445699393 0.47340980187695514 0.36142484795829716 0.28884254431699685 0.3631624674196351 0.2773722627737226 0.35968722849695917 0.26798748696558916 0.37271937445699393 0.2502606882168926 0.37011294526498695 0.22002085505735142 0.37706342311033886 0.20855057351407716 0.37619461337966986 0.145985401459854 0.3953084274543875 0.10010427528675704 0.40225890529973934