1 0.138671875 0.4166666666666667 0.13997395833333334 0.509765625 0.142578125 0.5188802083333334 0.2623697916666667 0.53125 0.2688802083333333 0.5299479166666666 0.26953125 0.5240885416666666 0.2623697916666667 0.5052083333333334 0.2552083333333333 0.4733072916666667 0.2513020833333333 0.435546875 0.251953125 0.4147135416666667 0.2584635416666667 0.4127604166666667 0.294921875 0.4231770833333333 0.3138020833333333 0.423828125 0.3248697916666667 0.4166666666666667 0.33984375 0.400390625 0.3483072916666667 0.3984375 0.3717447916666667 0.4173177083333333 0.4010416666666667 0.453125 0.4290364583333333 0.513671875 0.4388020833333333 0.5436197916666666 0.4661458333333333 0.5553385416666666 0.4778645833333333 0.5677083333333334 0.48046875 0.5774739583333334 0.4908854166666667 0.580078125 0.5755208333333334 0.564453125 0.6022135416666666 0.556640625 0.6197916666666666 0.5553385416666666 0.6516927083333334 0.546875 0.6575520833333334 0.5299479166666666 0.658203125 0.515625 0.6490885416666666 0.4602864583333333 0.6302083333333334 0.3815104166666667 0.6341145833333334 0.37890625 0.685546875 0.3893229166666667 0.6875 0.380859375 0.6783854166666666 0.369140625 0.6608072916666666 0.3606770833333333 0.578125 0.3619791666666667 0.302734375 0.376953125 0.2721354166666667 0.380859375 0.25 0.3802083333333333 0.224609375 0.3841145833333333 0.18294270833333334 0.3854166666666667 0.162109375 0.3893229166666667 0.14453125 0.4010416666666667
5 0.25390625 0.4153645833333333 0.2545572916666667 0.4498697916666667 0.2584635416666667 0.48046875 0.2688802083333333 0.515625 0.2760416666666667 0.5299479166666666 0.4055989583333333 0.544921875 0.4342447916666667 0.5455729166666666 0.4290364583333333 0.5188802083333334 0.400390625 0.4557291666666667 0.3776041666666667 0.4251302083333333 0.3528645833333333 0.4036458333333333 0.345703125 0.3990885416666667 0.341796875 0.3997395833333333 0.3203125 0.4231770833333333 0.3125 0.4270833333333333 0.2897135416666667 0.4244791666666667
5 0.6334635416666666 0.380859375 0.6321614583333334 0.3860677083333333 0.6419270833333334 0.4114583333333333 0.6451822916666666 0.435546875 0.6575520833333334 0.4850260416666667 0.6588541666666666 0.5065104166666666 0.6627604166666666 0.521484375 0.65625 0.544921875 0.6575520833333334 0.5481770833333334 0.7389322916666666 0.5397135416666666 0.794921875 0.5377604166666666 0.822265625 0.5397135416666666 0.82421875 0.5377604166666666 0.8040364583333334 0.4635416666666667 0.7981770833333334 0.4290364583333333 0.796875 0.4036458333333333 0.7897135416666666 0.3782552083333333 0.7591145833333334 0.3880208333333333 0.7206100260416667 0.3951822916666667 0.6829427083333334 0.3932291666666667
2 0.4778645833333333 0.7981770833333334 0.4772135416666667 0.8776041666666666 0.4791666666666667 0.8815104166666666 0.4830729166666667 0.8815104166666666 0.873046875 0.716796875 0.8828125 0.7102864583333334 0.890625 0.708984375 0.912109375 0.6927083333333334 0.9147135416666666 0.693359375 0.9173177083333334 0.6829427083333334 0.9225260416666666 0.6783854166666666 0.91796875 0.6725260416666666 0.9166666666666666 0.6634114583333334 0.923828125 0.6510416666666666 0.923828125 0.6399739583333334 0.9147135416666666 0.6276041666666666 0.890625 0.6328125 0.6471354166666666 0.72265625 0.482421875 0.7766927083333334 0.4798177083333333 0.779296875
7 0.478515625 0.5911458333333334 0.478515625 0.7591145833333334 0.4811197916666667 0.7747395833333334 0.4928385416666667 0.7740885416666666 0.5143229166666666 0.7643229166666666 0.5494791666666666 0.7552083333333334 0.556640625 0.75 0.5716145833333334 0.748046875 0.634765625 0.72265625 0.6477864583333334 0.720703125 0.67578125 0.7083333333333334 0.6946614583333334 0.7044270833333334 0.7109375 0.6959635416666666 0.771484375 0.677734375 0.79296875 0.6673177083333334 0.85546875 0.650390625 0.8756510416666666 0.638671875 0.89453125 0.634765625 0.8977864583333334 0.63671875 0.9186197916666666 0.6236979166666666 0.9283854166666666 0.6061197916666666 0.9283854166666666 0.5846354166666666 0.923828125 0.5703125 0.908203125 0.556640625 0.873046875 0.5481770833333334 0.828125 0.5423177083333334 0.7532552083333334 0.5423177083333334 0.703125 0.546875 0.685546875 0.5520833333333334 0.6497395833333334 0.5501302083333334 0.4947916666666667 0.5833333333333334 0.48046875 0.5872395833333334
6 0.046223958333333336 0.5501302083333334 0.052083333333333336 0.8079427083333334 0.053385416666666664 0.8177083333333334 0.05859375 0.8274739583333334 0.115234375 0.8444010416666666 0.19596354166666666 0.8606770833333334 0.212890625 0.8665364583333334 0.22330729166666666 0.8671875 0.3841145833333333 0.9049479166666666 0.392578125 0.9095052083333334 0.4108072916666667 0.9108072916666666 0.4147135416666667 0.9147135416666666 0.4401041666666667 0.91015625 0.4674479166666667 0.8971354166666666 0.47265625 0.8899739583333334 0.4759114583333333 0.8736979166666666 0.4759114583333333 0.677734375 0.4733072916666667 0.654296875 0.4680989583333333 0.6484375 0.47265625 0.640625 0.4713541666666667 0.634765625 0.4739583333333333 0.6334635416666666 0.4733072916666667 0.6126302083333334 0.46875 0.5846354166666666 0.4622395833333333 0.578125 0.4596354166666667 0.5618489583333334 0.453125 0.556640625 0.4498697916666667 0.5598958333333334 0.4466145833333333 0.556640625 0.4401041666666667 0.5559895833333334 0.43359375 0.55859375 0.42578125 0.5559895833333334 0.4134114583333333 0.5579427083333334 0.4127604166666667 0.5553385416666666 0.3990885416666667 0.5501302083333334 0.392578125 0.5553385416666666 0.38671875 0.546875 0.3834635416666667 0.548828125 0.37109375 0.5481770833333334 0.328125 0.5397135416666666 0.3203125 0.541015625 0.24544270833333334 0.53125 0.11263020833333333 0.5208333333333334 0.091796875 0.5208333333333334 0.057291666666666664 0.529296875 0.049479166666666664 0.5364583333333334
2 0.8346354166666666 0.470703125 0.8352864583333334 0.5110677083333334 0.8391927083333334 0.5123697916666666 0.8528645833333334 0.5377604166666666 0.8515625 0.5397135416666666 0.8880208333333334 0.5397135416666666 0.8938802083333334 0.5423177083333334 0.9010416666666666 0.5403645833333334 0.9036458333333334 0.537109375 0.9010416666666666 0.53125 0.9036458333333334 0.529296875 0.890625 0.529296875 0.8723958333333334 0.498046875 0.8743489583333334 0.4876302083333333 0.8645833333333334 0.4869791666666667 0.8567708333333334 0.4791666666666667 0.8502604166666666 0.4791666666666667 0.845703125 0.47265625
3 0.80859375 0.4583333333333333 0.80859375 0.4700520833333333 0.8157552083333334 0.4889322916666667 0.8203125 0.513671875 0.830078125 0.5397135416666666 0.8860677083333334 0.548828125 0.91015625 0.5559895833333334 0.9264322916666666 0.5709635416666666 0.9303385416666666 0.5846354166666666 0.9303385416666666 0.603515625 0.9296875 0.6100260416666666 0.921875 0.6263020833333334 0.9251302083333334 0.6393229166666666 0.9251302083333334 0.6595052083333334 0.9192708333333334 0.6927083333333334 0.9251302083333334 0.6959635416666666 0.9361979166666666 0.6927083333333334 0.9453125 0.6848958333333334 0.94921875 0.6640625 0.9544270833333334 0.5110677083333334 0.9537760416666666 0.4791666666666667 0.9498697916666666 0.46875 0.9427083333333334 0.4641927083333333 0.923828125 0.4615885416666667 0.8151041666666666 0.4557291666666667
4 0.3990885416666667 0.9114583333333334 0.4010416666666667 0.9251302083333334 0.4114583333333333 0.9296875 0.435546875 0.9270833333333334 0.4407552083333333 0.9212239583333334 0.4427083333333333 0.912109375 0.4375 0.91015625 0.4231770833333333 0.9140625
4 0.087890625 0.8372395833333334 0.08723958333333333 0.84375 0.09114583333333333 0.8528645833333334 0.09830729166666667 0.8548177083333334 0.123046875 0.853515625 0.12369791666666667 0.8483072916666666 0.11979166666666667 0.8444010416666666
4 0.900390625 0.7044270833333334 0.8990885416666666 0.70703125 0.9016927083333334 0.708984375 0.919921875 0.708984375 0.923828125 0.70703125 0.9251302083333334 0.6985677083333334 0.9140625 0.6979166666666666
0 0.044921875 0.5462239583333334 0.051432291666666664 0.80078125 0.054036458333333336 0.8209635416666666 0.05859375 0.828125 0.0859375 0.8365885416666666 0.09114583333333333 0.8489583333333334 0.09700520833333333 0.8515625 0.11328125 0.8515625 0.13411458333333334 0.84765625 0.416015625 0.9140625 0.435546875 0.9134114583333334 0.4680989583333333 0.8977864583333334 0.4772135416666667 0.8841145833333334 0.890625 0.708984375 0.8971354166666666 0.7044270833333334 0.9147135416666666 0.7024739583333334 0.916015625 0.69921875 0.94140625 0.689453125 0.9459635416666666 0.6842447916666666 0.9479166666666666 0.67578125 0.953125 0.4947916666666667 0.9524739583333334 0.4798177083333333 0.94921875 0.4700520833333333 0.9420572916666666 0.46484375 0.9140625 0.4615885416666667 0.8157552083333334 0.4563802083333333 0.8079427083333334 0.458984375 0.6875 0.3880208333333333 0.6881510416666666 0.3821614583333333 0.6829427083333334 0.373046875 0.6731770833333334 0.3658854166666667 0.66015625 0.3606770833333333 0.615234375 0.3606770833333333 0.47665559895833337 0.3704427083333333 0.3014322916666667 0.3776041666666667 0.24609375 0.380859375 0.21809895833333334 0.3854166666666667 0.18033854166666666 0.3860677083333333 0.16145833333333334 0.3899739583333333 0.14453125 0.4016927083333333 0.13932291666666666 0.4140625 0.13802083333333334 0.443359375 0.140625 0.515625 0.12825520833333334 0.5201822916666666 0.09700520833333333 0.51953125 0.061848958333333336 0.5260416666666666 0.050130208333333336 0.5338541666666666