1 0.4563802083333333 0.5216535433070866 0.4654947916666667 0.5255905511811023 0.5013020833333334 0.5295275590551181 0.5227864583333334 0.5275590551181102 0.5416666666666666 0.5203412073490814 0.5462239583333334 0.5229658792650919 0.5494791666666666 0.5301837270341208 0.5546875 0.571522309711286 0.5677083333333334 0.6240157480314961 0.5755208333333334 0.6246719160104987 0.5989583333333334 0.6194225721784777 0.5970052083333334 0.5918635170603674 0.5859375 0.5518372703412073 0.5826822916666666 0.5196850393700787 0.54296875 0.520997375328084 0.5338541666666666 0.5177165354330708
1 0.17903645833333334 0.5275590551181102 0.18033854166666666 0.5813648293963255 0.23763020833333334 0.5905511811023622 0.2740885416666667 0.5938320209973753 0.2819010416666667 0.5918635170603674 0.2662760416666667 0.5354330708661418 0.267578125 0.5255905511811023 0.20638020833333334 0.5249343832020997 0.181640625 0.5255905511811023
1 0.2786458333333333 0.5249343832020997 0.3365885416666667 0.5341207349081365 0.37109375 0.5308398950131233 0.392578125 0.5242782152230971 0.4029947916666667 0.5275590551181102 0.4049479166666667 0.5321522309711286 0.40625 0.5754593175853019 0.421875 0.6417322834645669 0.4251302083333333 0.6437007874015748 0.4641927083333333 0.6377952755905512 0.4635416666666667 0.6115485564304461 0.4459635416666667 0.5393700787401575 0.4446614583333333 0.520997375328084
5 0.2682291666666667 0.5288713910761155 0.2708333333333333 0.547244094488189 0.2845052083333333 0.5938320209973753 0.3424479166666667 0.6003937007874016 0.3717447916666667 0.6089238845144357 0.3821614583333333 0.6213910761154856 0.380859375 0.6476377952755905 0.4186197916666667 0.6430446194225722 0.40625 0.5813648293963255 0.4029947916666667 0.5308398950131233 0.400390625 0.5269028871391076 0.390625 0.5269028871391076 0.3587239583333333 0.5341207349081365 0.3359375 0.5347769028871391 0.275390625 0.5275590551181102
5 0.4485677083333333 0.5255905511811023 0.4466145833333333 0.5275590551181102 0.4479166666666667 0.5400262467191601 0.46484375 0.6076115485564304 0.466796875 0.6377952755905512 0.564453125 0.6259842519685039 0.564453125 0.613517060367454 0.5540364583333334 0.5708661417322834 0.546875 0.5269028871391076 0.5384114583333334 0.5242782152230971 0.5201822916666666 0.5295275590551181 0.4928385416666667 0.5301837270341208
5 0.5852864583333334 0.5242782152230971 0.5865885416666666 0.5406824146981627 0.6041666666666666 0.6200787401574803 0.61328125 0.6207349081364829 0.640625 0.615485564304462 0.6790364583333334 0.6122047244094488 0.6809895833333334 0.610236220472441 0.671875 0.5347769028871391 0.66796875 0.5229658792650919 0.65625 0.520997375328084 0.630859375 0.5275590551181102 0.5944010416666666 0.5223097112860893
6 0.115234375 0.6089238845144357 0.11458333333333333 0.7375328083989501 0.119140625 0.8044619422572179 0.12369791666666667 0.8083989501312336 0.259765625 0.8674540682414699 0.3170572916666667 0.89501312335958 0.345703125 0.8891076115485564 0.3763020833333333 0.8792650918635171 0.3795572916666667 0.8727034120734908 0.3782552083333333 0.6601049868766404 0.3756510416666667 0.6358267716535433 0.376953125 0.6259842519685039 0.3736979166666667 0.6148293963254593 0.3522135416666667 0.60498687664042 0.16927083333333334 0.5826771653543307 0.14518229166666666 0.5833333333333334 0.126953125 0.5872703412073491 0.11783854166666667 0.5958005249343832
3 0.6783854166666666 0.5538057742782152 0.6796875 0.5879265091863517 0.681640625 0.5964566929133859 0.6868489583333334 0.5997375328083989 0.685546875 0.6076115485564304 0.6940104166666666 0.6108923884514436 0.7701822916666666 0.6161417322834646 0.8522135416666666 0.6272965879265092 0.8600260416666666 0.636482939632546 0.8606770833333334 0.7066929133858267 0.8587239583333334 0.7152230971128609 0.8626302083333334 0.718503937007874 0.8763020833333334 0.7145669291338582 0.8795572916666666 0.6961942257217848 0.8802083333333334 0.5748031496062992 0.8795572916666666 0.5669291338582677 0.8756510416666666 0.5610236220472441 0.859375 0.5570866141732284 0.6946614583333334 0.550524934383202 0.6822916666666666 0.550524934383202
7 0.3795572916666667 0.6706036745406824 0.37890625 0.7618110236220472 0.3815104166666667 0.7723097112860893 0.3919270833333333 0.7736220472440944 0.6634114583333334 0.7086614173228346 0.8138020833333334 0.676509186351706 0.830078125 0.6699475065616798 0.8522135416666666 0.6653543307086615 0.857421875 0.6509186351706037 0.8580729166666666 0.6404199475065617 0.853515625 0.6299212598425197 0.8326822916666666 0.6246719160104987 0.7161458333333334 0.613517060367454 0.6751302083333334 0.613517060367454 0.6178385416666666 0.6227034120734908 0.5794270833333334 0.6246719160104987 0.384765625 0.6502624671916011 0.3802083333333333 0.6541994750656168
2 0.3828125 0.776246719160105 0.3828125 0.8707349081364829 0.3860677083333333 0.8727034120734908 0.447265625 0.8556430446194225 0.828125 0.7322834645669292 0.8372395833333334 0.7270341207349081 0.8365885416666666 0.723753280839895 0.849609375 0.713254593175853 0.8561197916666666 0.6929133858267716 0.8541666666666666 0.6889763779527559 0.8561197916666666 0.6758530183727034 0.8515625 0.6673228346456693
4 0.16999348958333335 0.5350459317585302 0.0014453125000000002 0.0012729658792650918
0 0.115234375 0.6246719160104987 0.11588541666666667 0.7664041994750657 0.11979166666666667 0.8044619422572179 0.123046875 0.8077427821522309 0.13541666666666666 0.8110236220472441 0.14322916666666666 0.8195538057742782 0.13997395833333334 0.8241469816272966 0.142578125 0.8280839895013123 0.140625 0.8320209973753281 0.14388020833333334 0.8353018372703412 0.146484375 0.8333333333333334 0.15755208333333334 0.8353018372703412 0.166015625 0.8261154855643045 0.17513020833333334 0.8287401574803149 0.22330729166666666 0.8530183727034121 0.2903645833333333 0.8818897637795275 0.3033854166666667 0.8904199475065617 0.3072916666666667 0.889763779527559 0.3157552083333333 0.8943569553805775 0.31640625 0.8982939632545932 0.3098958333333333 0.9041994750656168 0.310546875 0.9179790026246719 0.3209635416666667 0.9153543307086615 0.3235677083333333 0.9179790026246719 0.3326822916666667 0.9179790026246719 0.3359375 0.9146981627296588 0.333984375 0.9101049868766404 0.3385416666666667 0.9048556430446194 0.33984375 0.89501312335958 0.3444010416666667 0.8904199475065617 0.376953125 0.8805774278215223 0.3795572916666667 0.8766404199475065 0.4192708333333333 0.863517060367454 0.4602864583333333 0.8523622047244095 0.6927083333333334 0.7749343832020997 0.8229166666666666 0.7349081364829396 0.8352864583333334 0.729002624671916 0.845703125 0.7270341207349081 0.8522135416666666 0.7335958005249343 0.8522135416666666 0.7375328083989501 0.8528645833333334 0.7355643044619422 0.859375 0.7368766404199475 0.8626302083333334 0.734251968503937 0.859375 0.729002624671916 0.8619791666666666 0.7217847769028871 0.8763020833333334 0.7152230971128609 0.8782552083333334 0.7106299212598425 0.880859375 0.5918635170603674 0.8795572916666666 0.5675853018372703 0.8743489583333334 0.5603674540682415 0.8600260416666666 0.5570866141732284 0.6829427083333334 0.5511811023622047 0.673828125 0.5452755905511811 0.671875 0.5295275590551181 0.66796875 0.5190288713910761 0.6647135416666666 0.5183727034120735 0.646484375 0.520997375328084 0.6438802083333334 0.5190288713910761 0.6009114583333334 0.520997375328084 0.5989583333333334 0.5190288713910761 0.591796875 0.5223097112860893 0.5774739583333334 0.5196850393700787 0.5475260416666666 0.5223097112860893 0.4420572916666667 0.5216535433070866 0.4192708333333333 0.5236220472440944 0.38671875 0.5223097112860893 0.3828125 0.5249343832020997 0.2877604166666667 0.5255905511811023 0.2786458333333333 0.5236220472440944 0.234375 0.5269028871391076 0.224609375 0.5249343832020997 0.171875 0.526246719160105 0.16536458333333334 0.5288713910761155 0.16276041666666666 0.5334645669291339 0.1640625 0.5785216535433071 0.16080729166666666 0.5846456692913385 0.15690104166666666 0.5833333333333334 0.14713541666666666 0.5859580052493438 0.14322916666666666 0.583989501312336 0.12630208333333334 0.5879265091863517 0.11979166666666667 0.5951443569553806 0.11653645833333333 0.60498687664042