5 0.16666666666666666 0.436241610738255 0.16331096196868009 0.4429530201342282 0.18680089485458612 0.5 0.19239373601789708 0.5346756152125279 0.22818791946308725 0.5480984340044742 0.22595078299776286 0.587248322147651 0.31655480984340045 0.5827740492170023 0.348993288590604 0.5771812080536913 0.3378076062639821 0.5659955257270693 0.32662192393736017 0.5391498881431768 0.3232662192393736 0.47762863534675615 0.3288590604026846 0.4306487695749441 0.2796420581655481 0.4463087248322148 0.23154362416107382 0.44966442953020136
5 0.38031319910514544 0.42393736017897093 0.4004474272930649 0.48769574944071586 0.40939597315436244 0.5425055928411633 0.3959731543624161 0.5738255033557047 0.3982102908277405 0.5760626398210291 0.4563758389261745 0.5715883668903803 0.46895973154362414 0.5503355704697986 0.5436241610738255 0.5480984340044742 0.5380313199105146 0.5268456375838926 0.5335570469798657 0.46778523489932883 0.5357941834451901 0.41834451901565994 0.49217002237136465 0.43288590604026844 0.47516778523489933 0.43400447427293065 0.43847874720357943 0.43512304250559286
5 0.6006711409395973 0.42393736017897093 0.616331096196868 0.47762863534675615 0.6241610738255033 0.5246085011185683 0.616331096196868 0.5604026845637584 0.7494407158836689 0.5503355704697986 0.7348993288590604 0.5156599552572707 0.7293064876957495 0.4720357941834452 0.7304250559284117 0.41946308724832215 0.6935123042505593 0.43288590604026844 0.6420581655480985 0.43288590604026844
1 0.747609619686801 0.5340917225950783 0.7392829977628635 0.3726454138702461 0.1112192393736018 0.3857214765100671 0.11835682326621924 0.5176744966442953 0.1885380313199105 0.5378836689038031 0.16355816554809843 0.43446085011185687 0.33246979865771814 0.43208389261744967 0.34674384787472035 0.5735469798657717 0.3978926174496644 0.571168903803132 0.38361856823266216 0.42019574944071586 0.5311185682326622 0.42138478747203584 0.5560984340044742 0.5592818791946309 0.6191420581655481 0.5592818791946309 0.6024888143176734 0.42613982102908277 0.7321465324384787 0.42019574944071586
6 0.040268456375838924 0.5190156599552572 0.04138702460850112 0.5257270693512305 0.05145413870246085 0.5302013422818792 0.05592841163310962 0.5480984340044742 0.05480984340044743 0.680089485458613 0.15883668903803133 0.7337807606263982 0.1789709172259508 0.7304250559284117 0.18456375838926176 0.7248322147651006 0.2181208053691275 0.7136465324384788 0.22483221476510068 0.7058165548098434 0.2214765100671141 0.6152125279642058 0.22483221476510068 0.5492170022371364 0.09731543624161074 0.5134228187919463
3 0.7550335570469798 0.48210290827740493 0.7472035794183445 0.48210290827740493 0.7505592841163311 0.5100671140939598 0.7841163310961968 0.5156599552572707 0.7863534675615212 0.540268456375839 0.7539149888143176 0.540268456375839 0.7684563758389261 0.5469798657718121 0.8064876957494407 0.5536912751677853 0.8937360178970917 0.5648769574944071 0.9004474272930649 0.5803131991051453 0.9004474272930649 0.6062639821029083 0.9105145413870246 0.616331096196868 0.9060402684563759 0.6476510067114094 0.9116331096196868 0.6510067114093959 0.9351230425055929 0.6409395973154363 0.9395973154362416 0.5249809843400448 0.9429530201342282 0.5145413870246085 0.9530201342281879 0.5123042505592841 0.9519015659955258 0.5044742729306487
7 0.22483221476510068 0.5950782997762863 0.22483221476510068 0.6621923937360179 0.23042505592841164 0.674496644295302 0.8277404921700223 0.6196868008948546 0.8881431767337807 0.6129753914988815 0.8982102908277405 0.6085011185682326 0.8959731543624161 0.5749440715883669 0.8870246085011185 0.5682326621923938 0.7684563758389261 0.5492170022371364 0.6263982102908278 0.5637583892617449 0.6152125279642058 0.5626398210290827 0.6085011185682326 0.5536912751677853 0.598434004474273 0.5536912751677853 0.5850111856823266 0.5559284116331096 0.5782997762863534 0.5771812080536913 0.5715883668903803 0.5805369127516778 0.47315436241610737 0.5838926174496645 0.44407158836689037 0.5760626398210291 0.39485458612975394 0.5760626398210291 0.3926174496644295 0.5671140939597316 0.3568232662192394 0.5727069351230425 0.34675615212527966 0.5816554809843401 0.24608501118568232 0.5883668903803132 0.22706935123042504 0.5906040268456376
2 0.2203579418344519 0.674496644295302 0.22371364653243847 0.6823266219239373 0.2225950782997763 0.7069351230425056 0.20246085011185683 0.7114093959731543 0.19239373601789708 0.7259507829977628 0.17114093959731544 0.7304250559284117 0.17337807606263983 0.7360178970917226 0.25838926174496646 0.732662192393736 0.8333333333333334 0.6700223713646533 0.8691275167785235 0.6621923937360179 0.8870246085011185 0.6677852348993288 0.9172259507829977 0.6588366890380313 0.9407158836689038 0.6577181208053692 0.9440715883668904 0.6532438478747203 0.9351230425055929 0.645413870246085 0.930648769574944 0.6465324384787472 0.9295302013422819 0.6118568232662193 0.9071588366890381 0.6129753914988815 0.9004474272930649 0.6096196868008948 0.8791946308724832 0.6152125279642058
4 0.16554809843400448 0.7427293064876958 0.16666666666666666 0.7841163310961968 0.1767337807606264 0.8266219239373602 0.18568232662192394 0.8322147651006712 0.21029082774049218 0.8288590604026845 0.2203579418344519 0.772930648769575 0.21923937360178972 0.7393736017897091
4 0.06599552572706935 0.6923937360178971 0.06487695749440715 0.714765100671141 0.0738255033557047 0.7651006711409396 0.08053691275167785 0.7695749440715883 0.1017897091722595 0.7684563758389261 0.10626398210290827 0.7651006711409396 0.11297539149888143 0.7158836689038032 0.0883668903803132 0.697986577181208
4 0.8769574944071589 0.6666666666666666 0.8758389261744967 0.6890380313199105 0.8825503355704698 0.7304250559284117 0.8937360178970917 0.7360178970917226 0.9138702460850112 0.7348993288590604 0.9250559284116331 0.6935123042505593 0.9250559284116331 0.6621923937360179 0.9082774049217002 0.6599552572706935
0 0.09507829977628636 0.39485458612975394 0.09060402684563758 0.4507829977628635 0.09507829977628636 0.49776286353467564 0.09955257270693513 0.5078299776286354 0.09395973154362416 0.5134228187919463 0.039149888143176735 0.5190156599552572 0.052572706935123045 0.5324384787472036 0.053691275167785234 0.6595078299776287 0.050335570469798654 0.6789709172259508 0.06599552572706935 0.6946308724832215 0.06599552572706935 0.7248322147651006 0.07718120805369127 0.767337807606264 0.09955257270693513 0.7684563758389261 0.10514541387024609 0.7651006711409396 0.11185682326621924 0.7248322147651006 0.13982102908277405 0.7248322147651006 0.1644295302013423 0.7404921700223713 0.174496644295302 0.8221476510067114 0.18456375838926176 0.831096196868009 0.21140939597315436 0.8266219239373602 0.2181208053691275 0.7841163310961968 0.21923937360178972 0.7393736017897091 0.22371364653243847 0.7360178970917226 0.5648769574944071 0.697986577181208 0.8769574944071589 0.6935123042505593 0.8825503355704698 0.7304250559284117 0.8881431767337807 0.7348993288590604 0.9049217002237137 0.7360178970917226 0.912751677852349 0.7348993288590604 0.9172259507829977 0.7281879194630873 0.9250559284116331 0.6890380313199105 0.9250559284116331 0.6633109619686801 0.9451901565995525 0.6543624161073825 0.9384787472035794 0.6431767337807607 0.9440715883668904 0.5145413870246085 0.9507829977628636 0.5078299776286354 0.9429530201342282 0.5033557046979866 0.8657718120805369 0.4988814317673378 0.8087248322147651 0.4865771812080537 0.7472035794183445 0.48210290827740493 0.7371364653243848 0.42841163310961966 0.7371364653243848 0.3870246085011186 0.7304250559284117 0.37583892617449666 0.15100671140939598 0.3814317673378076 0.11297539149888143 0.38478747203579416