5 0.13932291666666666 0.21354166666666666 0.13736979166666666 0.22786458333333334 0.15104166666666666 0.3294270833333333 0.150390625 0.35546875 0.15299479166666666 0.3697916666666667 0.15364583333333334 0.3880208333333333 0.1484375 0.4466145833333333 0.1484375 0.4947916666666667 0.150390625 0.5026041666666666 0.2916666666666667 0.5052083333333334 0.2942708333333333 0.5013020833333334 0.2884114583333333 0.3880208333333333 0.2936197916666667 0.2630208333333333 0.291015625 0.23177083333333334 0.28125 0.22916666666666666 0.2565104166666667 0.23828125 0.21484375 0.24088541666666666 0.19270833333333334 0.23697916666666666 0.15104166666666666 0.21223958333333334
5 0.4244791666666667 0.22786458333333334 0.4225260416666667 0.23177083333333334 0.4225260416666667 0.2591145833333333 0.4303385416666667 0.3229166666666667 0.4322916666666667 0.3984375 0.4283854166666667 0.4765625 0.423828125 0.5013020833333334 0.4251302083333333 0.5078125 0.5794270833333334 0.5078125 0.576171875 0.4752604166666667 0.5670572916666666 0.4583333333333333 0.5611979166666666 0.390625 0.5651041666666666 0.3098958333333333 0.5807291666666666 0.23958333333333334 0.5794270833333334 0.22786458333333334 0.5657552083333334 0.2265625 0.55078125 0.234375 0.48854166666666665 0.24739583333333334 0.447265625 0.23958333333333334 0.4348958333333333 0.22916666666666666
5 0.6647135416666666 0.23958333333333334 0.6640625 0.2552083333333333 0.6770833333333334 0.3776041666666667 0.67578125 0.4817708333333333 0.6731770833333334 0.49609375 0.6751302083333334 0.5052083333333334 0.689453125 0.5091145833333334 0.716796875 0.5013020833333334 0.80859375 0.50390625 0.8177083333333334 0.4973958333333333 0.8190104166666666 0.47265625 0.814453125 0.4244791666666667 0.81640625 0.3385416666666667 0.8287760416666666 0.23046875 0.8138020833333334 0.2265625 0.78125 0.24869791666666666 0.70703125 0.24869791666666666 0.6744791666666666 0.234375 0.66796875 0.234375
1 0.15104166666666666 0.20138932291666667 0.16753450520833335 0.15438671875 0.8055553385416667 0.15265234375 0.8246529947916666 0.21511328124999998 0.6666666666666666 0.23246223958333334 0.671875 0.49965624999999997 0.5833333333333334 0.5083307291666667 0.5807291666666666 0.23246223958333334 0.423611328125 0.21858333333333335 0.4244791666666667 0.49965624999999997 0.296875 0.501390625 0.29340299479166665 0.23246223958333334
6 0.041666666666666664 0.421875 0.041666666666666664 0.6901041666666666 0.046223958333333336 0.85546875 0.052734375 0.86328125 0.10221354166666667 0.8671875 0.11002604166666667 0.8567708333333334 0.111328125 0.8424479166666666 0.111328125 0.7330729166666666 0.11458333333333333 0.7044270833333334 0.11328125 0.58984375 0.12565104166666666 0.5442708333333334 0.14192708333333334 0.5221354166666666 0.14583333333333334 0.3763020833333333 0.14388020833333334 0.3033854166666667 0.13671875 0.2916666666666667 0.107421875 0.2955729166666667 0.047526041666666664 0.3450520833333333 0.04296875 0.3645833333333333
3 0.8248697916666666 0.30859375 0.8248697916666666 0.3502604166666667 0.8326822916666666 0.4713541666666667 0.8326822916666666 0.5052083333333334 0.8385416666666666 0.5221354166666666 0.875 0.5481770833333334 0.8880208333333334 0.5755208333333334 0.8912760416666666 0.6458333333333334 0.8873697916666666 0.7057291666666666 0.8873697916666666 0.7955729166666666 0.884765625 0.8059895833333334 0.8860677083333334 0.8229166666666666 0.8834635416666666 0.8450520833333334 0.8899739583333334 0.8658854166666666 0.9244791666666666 0.875 0.9459635416666666 0.8723958333333334 0.9498697916666666 0.8671875 0.9518229166666666 0.85546875 0.953125 0.8033854166666666 0.9583333333333334 0.4322916666666667 0.95703125 0.3802083333333333 0.9453125 0.3580729166666667 0.9166666666666666 0.33203125 0.8697916666666666 0.3033854166666667 0.830078125 0.2955729166666667
7 0.11393229166666667 0.6119791666666666 0.11653645833333333 0.6223958333333334 0.11263020833333333 0.6731770833333334 0.11458333333333333 0.6979166666666666 0.119140625 0.71484375 0.12825520833333334 0.7161458333333334 0.4700520833333333 0.72265625 0.673828125 0.7161458333333334 0.87109375 0.71875 0.8828125 0.7122395833333334 0.8893229166666666 0.6705729166666666 0.88671875 0.5768229166666666 0.8782552083333334 0.5572916666666666 0.8645833333333334 0.54296875 0.83203125 0.5221354166666666 0.77734375 0.5104166666666666 0.6217447916666666 0.5078125 0.5750865885416666 0.5143229166666666 0.4348958333333333 0.515625 0.41796875 0.5091145833333334 0.322265625 0.50390625 0.3001302083333333 0.5052083333333334 0.2884114583333333 0.51171875 0.193359375 0.5091145833333334 0.150390625 0.51953125 0.13411458333333334 0.5364583333333334 0.119140625 0.5651041666666666
2 0.11588541666666667 0.72265625 0.11393229166666667 0.7369791666666666 0.115234375 0.7734375 0.11197916666666667 0.7786458333333334 0.11393229166666667 0.7864583333333334 0.11263020833333333 0.8072916666666666 0.10872395833333333 0.8072916666666666 0.09635416666666667 0.8567708333333334 0.08463541666666667 0.859375 0.08268229166666667 0.8658854166666666 0.4889322916666667 0.8658854166666666 0.5436197916666666 0.8619791666666666 0.5846354166666666 0.8658854166666666 0.8795572916666666 0.8658854166666666 0.8841145833333334 0.8580729166666666 0.8815104166666666 0.8463541666666666 0.8841145833333334 0.7447916666666666 0.8802083333333334 0.72265625 0.8385416666666666 0.7200520833333334 0.7421875 0.7252604166666666 0.6575520833333334 0.7213541666666666 0.6184895833333334 0.7252604166666666 0.20442708333333334 0.7213541666666666 0.18359375 0.7174479166666666 0.119140625 0.7174479166666666
4 0.055338541666666664 0.8697916666666666 0.054036458333333336 0.8736979166666666 0.06640625 0.9427083333333334 0.09375 0.94140625 0.10481770833333333 0.8697916666666666
4 0.8971354166666666 0.87109375 0.8958333333333334 0.8802083333333334 0.908203125 0.9427083333333334 0.9270833333333334 0.9440104166666666 0.9361979166666666 0.9388020833333334 0.9459635416666666 0.87890625 0.9446614583333334 0.8736979166666666
0 0.042317708333333336 0.3619791666666667 0.04296875 0.4010416666666667 0.039713541666666664 0.4283854166666667 0.042317708333333336 0.58984375 0.040364583333333336 0.671875 0.043619791666666664 0.828125 0.045572916666666664 0.859375 0.052083333333333336 0.8684895833333334 0.06770833333333333 0.94140625 0.09309895833333333 0.9401041666666666 0.09895833333333333 0.91796875 0.10416666666666667 0.87890625 0.109375 0.8671875 0.14713541666666666 0.86328125 0.8839518229166666 0.8684895833333334 0.892578125 0.8697916666666666 0.9016927083333334 0.8828125 0.90625 0.9361979166666666 0.9251302083333334 0.94140625 0.9348958333333334 0.9348958333333334 0.94140625 0.8919270833333334 0.951171875 0.8580729166666666 0.95703125 0.5390625 0.9563802083333334 0.3802083333333333 0.947265625 0.3606770833333333 0.9153645833333334 0.3307291666666667 0.8626302083333334 0.2994791666666667 0.8274739583333334 0.2916666666666667 0.8072916666666666 0.23177083333333334 0.822265625 0.22395833333333334 0.822265625 0.21354166666666666 0.818359375 0.17708333333333334 0.8118489583333334 0.16145833333333334 0.8046875 0.15364583333333334 0.17122395833333334 0.15104166666666666 0.16145833333333334 0.15885416666666666 0.15364583333333334 0.17838541666666666 0.15104166666666666 0.21223958333333334 0.16145833333333334 0.22005208333333334 0.14453125 0.2903645833333333 0.11979166666666667 0.2903645833333333 0.10286458333333333 0.296875 0.046875 0.3450520833333333