1 0.13 0.4126666666666667 0.13333333333333333 0.49466666666666664 0.14 0.49866666666666665 0.188 0.51 0.194 0.508 0.19266666666666668 0.48533333333333334 0.18933333333333333 0.46 0.18133333333333335 0.43333333333333335 0.182 0.42866666666666664 0.18966666666666668 0.4206666666666667 0.20666666666666667 0.42 0.21066666666666667 0.42333333333333334 0.21666666666666667 0.42 0.224 0.422 0.23 0.418 0.248 0.4226666666666667 0.25466666666666665 0.42 0.2793333333333333 0.42 0.2886666666666667 0.4146666666666667 0.294 0.41733333333333333 0.336 0.4166666666666667 0.3406666666666667 0.42333333333333334 0.3406666666666667 0.4633333333333333 0.344 0.4746666666666667 0.3486666666666667 0.5206666666666667 0.35333333333333333 0.5333333333333333 0.35533333333333333 0.5533333333333333 0.3626666666666667 0.556 0.38133333333333336 0.556 0.414 0.55 0.41533333333333333 0.5473333333333333 0.416 0.494 0.41133333333333333 0.458 0.4026666666666667 0.428 0.4026666666666667 0.418 0.4073333333333333 0.41333333333333333 0.484 0.4126666666666667 0.5306666666666666 0.4086666666666667 0.542 0.41133333333333333 0.546 0.41733333333333333 0.5493333333333333 0.4766666666666667 0.5606666666666666 0.5273333333333333 0.564 0.5326666666666666 0.592 0.536 0.6086666666666667 0.536 0.614 0.5326666666666666 0.61 0.4653333333333333 0.6046666666666667 0.43133333333333335 0.6 0.42 0.602 0.41 0.6353333333333333 0.4046666666666667 0.6466666666666666 0.4073333333333333 0.724 0.4046666666666667 0.728 0.408 0.7306666666666667 0.44133333333333336 0.7346666666666667 0.444 0.7373333333333333 0.43933333333333335 0.734 0.39866666666666667 0.7246666666666667 0.394 0.6411666666666667 0.3953333333333333 0.6333333333333333 0.3933333333333333 0.5626666666666666 0.3993333333333333 0.5293333333333333 0.398 0.36 0.404 0.22933333333333333 0.4053333333333333 0.20666666666666667 0.4086666666666667 0.136 0.4093333333333333
5 0.18266666666666667 0.4246666666666667 0.182 0.44266666666666665 0.18733333333333332 0.448 0.19 0.4593333333333333 0.196 0.508 0.2 0.5126666666666667 0.21933333333333332 0.516 0.246 0.5253333333333333 0.24933333333333332 0.5613333333333334 0.30333333333333334 0.56 0.35 0.556 0.35333333333333333 0.5533333333333333 0.35333333333333333 0.5326666666666666 0.3473333333333333 0.52 0.342 0.488 0.3393333333333333 0.42333333333333334 0.33666666666666667 0.4186666666666667 0.23866666666666667 0.41933333333333334 0.188 0.42133333333333334
5 0.4053333333333333 0.418 0.4046666666666667 0.426 0.41 0.44 0.41933333333333334 0.49266666666666664 0.418 0.5126666666666667 0.4206666666666667 0.5506666666666666 0.474 0.548 0.47733333333333333 0.5366666666666666 0.48933333333333334 0.5313333333333333 0.516 0.5346666666666666 0.534 0.532 0.5446666666666666 0.5353333333333333 0.5566666666666666 0.534 0.5573333333333333 0.5206666666666667 0.5533333333333333 0.512 0.5506666666666666 0.49466666666666664 0.544 0.41733333333333333 0.5406666666666666 0.4126666666666667 0.424 0.4146666666666667 0.41 0.41533333333333333
1 0.13866666666666666 0.5293333333333333 0.14 0.5673333333333334 0.158 0.5693333333333334 0.18933333333333333 0.564 0.19066666666666668 0.548 0.186 0.542 0.17933333333333334 0.5386666666666666 0.17066666666666666 0.5406666666666666 0.16466666666666666 0.5346666666666666 0.15066666666666667 0.5286666666666666
5 0.602 0.412 0.612 0.46266666666666667 0.6186666666666667 0.5366666666666666 0.6373333333333333 0.5373333333333333 0.7413333333333333 0.5273333333333333 0.7426666666666667 0.5153333333333333 0.7273333333333334 0.41133333333333333 0.724 0.4066666666666667 0.6066666666666667 0.4093333333333333
6 0.082 0.49933333333333335 0.08 0.5013333333333333 0.08133333333333333 0.6693333333333333 0.08666666666666667 0.666 0.088 0.6686666666666666 0.096 0.6633333333333333 0.102 0.666 0.10733333333333334 0.6606666666666666 0.11466666666666667 0.6593333333333333 0.12066666666666667 0.66 0.12266666666666666 0.6626666666666666 0.13533333333333333 0.6626666666666666 0.144 0.668 0.148 0.666 0.15266666666666667 0.6686666666666666 0.15666666666666668 0.676 0.164 0.6766666666666666 0.17066666666666666 0.6826666666666666 0.17933333333333334 0.6786666666666666 0.18333333333333332 0.6893333333333334 0.20266666666666666 0.6953333333333334 0.20533333333333334 0.7 0.20133333333333334 0.7066666666666667 0.20466666666666666 0.7066666666666667 0.21 0.72 0.24266666666666667 0.7193333333333334 0.244 0.7226666666666667 0.248 0.708 0.24733333333333332 0.5646666666666667 0.24466666666666667 0.5286666666666666 0.23133333333333334 0.522 0.18933333333333333 0.5133333333333333 0.13 0.49666666666666665
7 0.248 0.566 0.248 0.6646666666666666 0.25133333333333335 0.6693333333333333 0.2613333333333333 0.67 0.8806666666666667 0.6073333333333333 0.8866666666666667 0.604 0.888 0.5846666666666667 0.8873333333333333 0.5626666666666666 0.88 0.5533333333333333 0.8346666666666667 0.5426666666666666 0.7566666666666667 0.5306666666666666 0.6993333333333334 0.5333333333333333 0.6266666666666667 0.5406666666666666 0.6086666666666667 0.5393333333333333 0.6046666666666667 0.5426666666666666 0.6073333333333333 0.5533333333333333 0.602 0.5586666666666666 0.5926666666666667 0.5613333333333334 0.5266666666666666 0.5566666666666666 0.49133333333333334 0.558 0.4786666666666667 0.556 0.47333333333333333 0.55 0.46 0.55 0.418 0.554 0.41333333333333333 0.552 0.39666666666666667 0.5526666666666666 0.38466666666666666 0.558 0.35533333333333333 0.5573333333333333 0.344 0.56 0.3333333333333333 0.5586666666666666
3 0.7433333333333333 0.4653333333333333 0.7446666666666667 0.4826666666666667 0.7506666666666667 0.478 0.7546666666666667 0.478 0.83 0.488 0.844 0.492 0.874 0.494 0.8833333333333333 0.49733333333333335 0.8846666666666667 0.5526666666666666 0.89 0.562 0.8906666666666667 0.5833333333333334 0.894 0.5853333333333334 0.8966666666666666 0.5953333333333334 0.8906666666666667 0.5973333333333334 0.8906666666666667 0.6066666666666667 0.894 0.6113333333333333 0.8973333333333333 0.6106666666666667 0.9033333333333333 0.598 0.914 0.5953333333333334 0.9213333333333333 0.5886666666666667 0.924 0.5673333333333334 0.9233333333333333 0.48733333333333334
4 0.08733333333333333 0.654 0.08133333333333333 0.664 0.08133333333333333 0.7493333333333333 0.08466666666666667 0.782 0.19666666666666666 0.856 0.21666666666666667 0.856 0.248 0.8493333333333334 0.248 0.674 0.24466666666666667 0.666 0.23666666666666666 0.668 0.23266666666666666 0.656 0.226 0.6613333333333333 0.222 0.6613333333333333 0.22066666666666668 0.6586666666666666 0.214 0.6613333333333333 0.20666666666666667 0.6513333333333333 0.196 0.6553333333333333 0.19266666666666668 0.8018886666666667 0.18533333333333332 0.8033333333333333 0.12666666666666668 0.7693333333333333 0.12666666666666668 0.764 0.13 0.762 0.13 0.6893333333333334 0.12733333333333333 0.674 0.124 0.6673333333333333 0.10466666666666667 0.658 0.102 0.6486666666666666 0.096 0.654
4 0.71 0.6666666666666666 0.7093333333333334 0.7 0.7173333333333334 0.706 0.8873333333333333 0.756 0.922 0.7513333333333333 0.922 0.6106666666666667 0.9146666666666666 0.6193333333333333 0.9193333333333333 0.6253333333333333 0.9153333333333333 0.6346666666666667 0.91 0.6386666666666667 0.904 0.6373333333333333 0.9033333333333333 0.6333333333333333 0.8973333333333333 0.63 0.8946666666666667 0.6433333333333333 0.8786666666666667 0.6506666666666666 0.8813333333333333 0.6568886666666667 0.8793333333333333 0.726 0.874 0.7313333333333333 0.7513333333333333 0.696 0.7466666666666667 0.6613333333333333
2 0.25 0.6746666666666666 0.25066666666666665 0.714 0.29733333333333334 0.71 0.43333333333333335 0.6933333333333334 0.8246666666666667 0.6526666666666666 0.8586666666666667 0.6453333333333333 0.864 0.6473333333333333 0.88 0.644 0.8886666666666667 0.6453333333333333 0.8913333333333333 0.642 0.8913333333333333 0.6113333333333333 0.89 0.6093333333333333 0.866 0.61 0.78 0.62 0.334 0.66 0.2886666666666667 0.6653333333333333
0 0.13 0.41333333333333333 0.132 0.496 0.092 0.496 0.08466666666666667 0.49666666666666665 0.07933333333333334 0.5006666666666667 0.08133333333333333 0.776 0.08466666666666667 0.7833333333333333 0.19533333333333333 0.856 0.21666666666666667 0.856 0.238 0.8526666666666667 0.24866666666666667 0.848 0.24733333333333332 0.7226666666666667 0.24866666666666667 0.718 0.26266666666666666 0.7133333333333334 0.5886666666666667 0.6793333333333333 0.6486666666666666 0.6706666666666666 0.6873333333333334 0.668 0.704 0.664 0.71 0.67 0.71 0.7026666666666667 0.72 0.7073333333333334 0.8886666666666667 0.756 0.918 0.7533333333333333 0.922 0.7506666666666667 0.924 0.6753333333333333 0.9226666666666666 0.5986666666666667 0.92 0.5806666666666667 0.924 0.54 0.9226666666666666 0.49 0.918 0.4866666666666667 0.898 0.48333333333333334 0.848 0.47933333333333333 0.7413333333333333 0.464 0.7353333333333333 0.44266666666666665 0.7373333333333333 0.43866666666666665 0.734 0.43133333333333335 0.736 0.428 0.7333333333333333 0.40066666666666667 0.7293333333333333 0.396 0.704 0.39266666666666666 0.6326666666666667 0.39 0.4206666666666667 0.4026666666666667 0.23 0.4033333333333333 0.20066666666666666 0.408 0.14 0.4086666666666667