5 0.572 0.4323076923076923 0.5706666666666667 0.43538461538461537 0.5826666666666667 0.46830769230769226 0.5833333333333334 0.5007692307692307 0.5866666666666667 0.5153846153846153 0.5866666666666667 0.5292307692307693 0.584 0.536923076923077 0.5966666666666667 0.553076923076923 0.608 0.5561538461538461 0.7453333333333333 0.553076923076923 0.728 0.5146153846153846 0.73 0.51 0.7286666666666667 0.4576923076923077 0.734 0.4246153846153846 0.6633333333333333 0.4338461538461538 0.618 0.43538461538461537 0.5966666666666667 0.4307692307692308
5 0.66 0.38461538461538464 0.6686666666666666 0.4307692307692308 0.684 0.43153846153846154 0.7293333333333333 0.42230769230769233 0.736 0.42923076923076925 0.7306666666666667 0.45076923076923076 0.7306666666666667 0.4876923076923077 0.734 0.5030769230769231 0.7306666666666667 0.5153846153846153 0.7406666666666667 0.5392307692307692 0.748 0.5484615384615384 0.8033333333333333 0.553076923076923 0.828 0.5515384615384615 0.8286666666666667 0.5461538461538461 0.8133333333333334 0.5 0.8153333333333334 0.49538461538461537 0.8146666666666667 0.4053846153846154 0.8213333333333334 0.38 0.82 0.3776923076923077 0.748 0.38153846153846155 0.726 0.3853846153846154 0.7133333333333334 0.3823076923076923 0.6786666666666666 0.38153846153846155
5 0.12866666666666668 0.3992307692307692 0.14533333333333334 0.4584615384615385 0.15666666666666668 0.5146153846153846 0.17866666666666667 0.5330769230769231 0.22 0.56 0.234 0.5792307692307692 0.324 0.5746153846153846 0.3393333333333333 0.5707692307692308 0.30933333333333335 0.49 0.30933333333333335 0.4807692307692308 0.296 0.42230769230769233 0.2926666666666667 0.38846153846153847 0.286 0.3861538461538462 0.21266666666666667 0.3930769230769231 0.15333333333333332 0.39384615384615385
1 0.07133333333333333 0.37615384615384617 0.06866666666666667 0.3769230769230769 0.07066666666666667 0.4146153846153846 0.09866666666666667 0.45615384615384613 0.11266666666666666 0.47384615384615386 0.11733333333333333 0.47384615384615386 0.12266666666666666 0.4815384615384615 0.12466666666666666 0.47307692307692306 0.122 0.4707692307692308 0.122 0.46307692307692305 0.124 0.46 0.13266666666666665 0.46 0.13066666666666665 0.4492307692307692 0.13533333333333333 0.4423076923076923 0.13 0.39615384615384613 0.15933333333333333 0.39 0.214 0.3923076923076923 0.272 0.38384615384615384 0.292 0.38384615384615384 0.296 0.39384615384615385 0.29733333333333334 0.42 0.30666666666666664 0.4715384615384615 0.31266666666666665 0.4876923076923077 0.316 0.49 0.31733333333333336 0.5053846153846154 0.324 0.5292307692307693 0.342 0.5638461538461539 0.3453333333333333 0.5676923076923077 0.354 0.5684615384615385 0.424 0.5653846153846154 0.42933333333333334 0.5638461538461539 0.434 0.5492307692307692 0.43733333333333335 0.546923076923077 0.5073333333333333 0.5461538461538461 0.518 0.5407692307692308 0.528 0.5461538461538461 0.5366666666666666 0.5461538461538461 0.5446666666666666 0.5507692307692308 0.5466666666666666 0.5561538461538461 0.5693333333333334 0.5561538461538461 0.5806666666666667 0.5392307692307692 0.5826666666666667 0.5092307692307693 0.582 0.5007692307692307 0.5773333333333334 0.4969230769230769 0.5746666666666667 0.48538461538461536 0.578 0.4746153846153846 0.5753333333333334 0.45384615384615384 0.568 0.4338461538461538 0.582 0.4269230769230769 0.6426666666666667 0.4330769230769231 0.6606666666666666 0.4307692307692308 0.6646666666666666 0.4246153846153846 0.6573333333333333 0.3869230769230769 0.6673333333333333 0.38 0.6786666666666666 0.3776923076923077 0.7353333333333333 0.3823076923076923 0.7493333333333333 0.3776923076923077 0.7513333333333333 0.3723076923076923 0.7453333333333333 0.36923076923076925 0.6806666666666666 0.36923076923076925
6 0.052 0.37615384615384617 0.05 0.37846153846153846 0.05 0.40076923076923077 0.05333333333333334 0.4746153846153846 0.059333333333333335 0.5246153846153846 0.059333333333333335 0.5538461538461539 0.07066666666666667 0.57 0.07266666666666667 0.5869230769230769 0.06733333333333333 0.5938461538461538 0.06466666666666666 0.6123076923076923 0.06666666666666667 0.6146153846153846 0.066 0.7161538461538461 0.08066666666666666 0.7284615384615385 0.106 0.7346153846153847 0.21333333333333335 0.7730769230769231 0.21666666666666667 0.7676923076923077 0.224 0.77 0.23466666666666666 0.7676923076923077 0.23733333333333334 0.7569230769230769 0.238 0.7223076923076923 0.23666666666666666 0.6846153846153846 0.234 0.6792307692307692 0.23066666666666666 0.6784615384615384 0.23066666666666666 0.5753846153846154 0.22 0.5638461538461539 0.15933333333333333 0.5207692307692308 0.128 0.4938461538461538 0.112 0.47615384615384615 0.07 0.41923076923076924 0.06733333333333333 0.3892307692307692 0.064 0.3792307692307692 0.06133333333333333 0.37615384615384617
3 0.818 0.4592307692307692 0.8193333333333334 0.4938461538461538 0.8166666666666667 0.5015384615384615 0.8326666666666667 0.5538461538461539 0.8686666666666667 0.5623076923076923 0.882 0.5615384615384615 0.8973333333333333 0.566923076923077 0.9053333333333333 0.5653846153846154 0.912 0.5692307692307692 0.9406666666666667 0.6676923076923077 0.938 0.6746153846153846 0.94 0.6753846153846154 0.94 0.6823076923076923 0.946 0.686923076923077 0.9526666666666667 0.6853846153846154 0.956 0.6192307692307693 0.952 0.6169230769230769 0.952 0.5538461538461539 0.9633333333333334 0.546923076923077 0.9646666666666667 0.5361538461538462 0.9626666666666667 0.5307692307692308 0.9433333333333334 0.5184615384615384 0.8633333333333333 0.48384615384615387 0.8213333333333334 0.4576923076923077
2 0.23733333333333334 0.6815384615384615 0.23866666666666667 0.71 0.24666666666666667 0.7115384615384616 0.248 0.7446153846153846 0.23933333333333334 0.7492307692307693 0.234 0.7653846153846153 0.23733333333333334 0.7692307692307693 0.24466666666666667 0.7707692307692308 0.32 0.76 0.9506666666666667 0.6953846153846154 0.956 0.6892307692307692 0.9546666666666667 0.6207692307692307 0.9526666666666667 0.6184615384615385 0.9306666666666666 0.6176923076923077
4 0.20066666666666666 0.7923076923076923 0.20266666666666666 0.8046153846153846 0.19933333333333333 0.813076923076923 0.19866666666666666 0.8284615384615385 0.20666666666666667 0.8553846153846154 0.202 0.8684615384615385 0.202 0.8815384615384615 0.20933333333333334 0.9038461538461539 0.22733333333333333 0.9046153846153846 0.23133333333333334 0.9007692307692308 0.23666666666666666 0.88 0.23666666666666666 0.8692307692307693 0.232 0.8557692307692307 0.23866666666666667 0.8276923076923077 0.23866666666666667 0.8176923076923077 0.234 0.8053846153846154 0.236 0.7915384615384615 0.23 0.78 0.20933333333333334 0.7792307692307693 0.206 0.7807692307692308
4 0.5986666666666667 0.74 0.6 0.7530769230769231 0.596 0.7692307692307693 0.6026666666666667 0.8038461538461539 0.5986666666666667 0.81 0.598 0.82 0.6046666666666667 0.8423076923076923 0.6193333333333333 0.8438461538461538 0.6233333333333333 0.8415384615384616 0.6246666666666667 0.8307692307692308 0.6293333333333333 0.8207692307692308 0.6246666666666667 0.7984615384615384 0.632 0.7723076923076924 0.6313333333333333 0.7623076923076924 0.628 0.7569230769230769 0.6293333333333333 0.74 0.6233333333333333 0.7292307692307692 0.6046666666666667 0.73
4 0.9213333333333333 0.7061538461538461 0.9233333333333333 0.72 0.9193333333333333 0.7261538461538461 0.9193333333333333 0.7369230769230769 0.9253333333333333 0.7569230769230769 0.9213333333333333 0.7792307692307693 0.928 0.7984615384615384 0.942 0.7992307692307692 0.9453333333333334 0.7961538461538461 0.95 0.7761538461538462 0.946 0.7584615384615384 0.952 0.7346153846153847 0.9486666666666667 0.7153846153846154 0.95 0.7076923076923077 0.9453333333333334 0.6976923076923077 0.9353333333333333 0.6946153846153846 0.9266666666666666 0.6953846153846154
4 0.064 0.7330769230769231 0.06266666666666666 0.8392307692307692 0.068 0.8438461538461538 0.07933333333333334 0.8438461538461538 0.08266666666666667 0.8292307692307692 0.084 0.7338461538461538 0.068 0.7246153846153847 0.06466666666666666 0.7261538461538461
4 0.75 0.7161538461538461 0.7486666666666667 0.7546153846153846 0.7653333333333333 0.7576923076923077 0.768 0.7446153846153846 0.7686666666666667 0.713076923076923 0.7553333333333333 0.713076923076923
0 0.05 0.3769230769230769 0.058666666666666666 0.5523076923076923 0.068 0.5726923076923077 0.06266666666666666 0.5976923076923077 0.06533333333333333 0.6423076923076924 0.06333333333333334 0.7192307692307692 0.06666666666666667 0.7276923076923076 0.064 0.8353846153846154 0.06933333333333333 0.8423076923076923 0.078 0.8423076923076923 0.08133333333333333 0.8369230769230769 0.082 0.7492307692307693 0.08466666666666667 0.7323076923076923 0.10133333333333333 0.7353846153846154 0.19133333333333333 0.7669230769230769 0.20533333333333334 0.7823076923076923 0.20133333333333334 0.7930769230769231 0.20466666666666666 0.8 0.2 0.8246153846153846 0.20866666666666667 0.8580769230769231 0.202 0.8784615384615385 0.20666666666666667 0.8876923076923077 0.20866666666666667 0.9 0.21266666666666667 0.9030769230769231 0.22733333333333333 0.9023076923076923 0.23133333333333334 0.8969230769230769 0.23466666666666666 0.8830769230769231 0.23133333333333334 0.8530769230769231 0.236 0.8223076923076923 0.23333333333333334 0.7807692307692308 0.24466666666666667 0.7707692307692308 0.41133333333333333 0.7492307692307693 0.5293333333333333 0.7376923076923076 0.556 0.7323076923076923 0.6286666666666667 0.7292307692307692 0.64 0.7246153846153847 0.6746666666666666 0.7192307692307692 0.7446666666666667 0.713076923076923 0.7493333333333333 0.713076923076923 0.7546666666666667 0.7253846153846154 0.7546666666666667 0.7361538461538462 0.762 0.7415384615384616 0.7593333333333333 0.7384615384615385 0.7626666666666667 0.7276923076923076 0.76 0.7230769230769231 0.7593333333333333 0.7138461538461538 0.7613333333333333 0.7123076923076923 0.8126666666666666 0.7038461538461539 0.8346666666666667 0.703076923076923 0.8413333333333334 0.6992307692307692 0.846 0.7015384615384616 0.9346666666666666 0.6907692307692308 0.9446666666666667 0.6938461538461539 0.954 0.6892307692307692 0.9533333333333334 0.6707692307692308 0.9493333333333334 0.6630769230769231 0.9513333333333334 0.6538461538461539 0.9473333333333334 0.6523076923076923 0.944 0.6453846153846153 0.9493333333333334 0.6407692307692308 0.9533333333333334 0.6223076923076923 0.9453333333333334 0.6184615384615385 0.9446666666666667 0.6084615384615385 0.948 0.5915384615384616 0.948 0.556923076923077 0.9613333333333334 0.5423076923076923 0.9613333333333334 0.5315384615384615 0.9546666666666667 0.5253846153846153 0.8906666666666667 0.4976923076923077 0.8186666666666667 0.4592307692307692 0.7486666666666667 0.3776923076923077 0.75 0.3730769230769231 0.7446666666666667 0.37 0.7008886666666667 0.3723076923076923 0.11333333333333333 0.37384615384615383 0.054 0.37461538461538463