5 0.21375 0.4725 0.2125 0.4875 0.22875 0.5375 0.2625 0.555 0.27125 0.5675 0.33125 0.54625 0.31375 0.48875 0.29625 0.45625 0.25625 0.475
5 0.5025 0.44125 0.515 0.48 0.51125 0.52875 0.6175 0.515 0.61125 0.5 0.605 0.4325 0.55375 0.4425
5 0.7575 0.41625 0.7625 0.455 0.75875 0.49375 0.85625 0.49625 0.8475 0.47791625000000004 0.8475 0.46375 0.85 0.435 0.85875 0.4175 0.8325 0.42375 0.7775 0.42375
1 0.175 0.395 0.175 0.42 0.18625 0.46375 0.18 0.495 0.1975 0.51625 0.22 0.53125 0.21 0.48166625 0.2225 0.47 0.25125 0.4725 0.27875 0.4625 0.28875 0.45375 0.3 0.4575 0.3275 0.52875 0.3375 0.54 0.45 0.53375 0.47875 0.52375 0.51 0.52 0.5125 0.48 0.5 0.4475 0.51 0.43875 0.5325 0.4425 0.605 0.43125 0.6125 0.49625 0.62125 0.50875 0.65875 0.51 0.67625 0.50125 0.75125 0.4925 0.7575 0.4875 0.75875 0.47375 0.755 0.42625 0.76375 0.4175 0.78375 0.42125 0.79 0.41625 0.7825 0.37875 0.77 0.36 0.43 0.37625 0.28125 0.38875 0.19375 0.39
6 0.13625 0.49875 0.1325 0.55375 0.14625 0.63625 0.1575 0.65 0.23 0.69375 0.27125 0.6925 0.26625 0.56375 0.1975 0.52125 0.1625 0.48625 0.1425 0.4875
3 0.85 0.46625 0.85 0.48375 0.85875 0.4975 0.88875 0.50875 0.9 0.52 0.90375 0.53375 0.90125 0.57875 0.905 0.58125 0.91125 0.57625 0.915 0.56125 0.91625 0.47875 0.8625 0.46375 0.8525 0.4625
7 0.27375 0.57125 0.27125 0.60875 0.27625 0.63625 0.27875 0.64375 0.29375 0.645 0.52 0.60625 0.53625 0.60875 0.72375 0.575 0.8 0.56625 0.84875 0.555 0.89 0.55375 0.9 0.5325 0.8925 0.51375 0.855 0.5 0.7425 0.49375 0.3375 0.54125 0.3275 0.5525
2 0.2825 0.6475 0.285 0.66125 0.27625 0.6675 0.27875 0.6875 0.32375 0.68875 0.86625 0.59125 0.88625 0.58375 0.8925 0.55625 0.855 0.55625
4 0.26 0.69875 0.25125 0.7025 0.2575 0.73125 0.265 0.73625 0.275 0.705 0.30375 0.695
4 0.50875 0.6575 0.50375 0.66 0.50875 0.68125 0.51625 0.68625 0.5175 0.65875
4 0.53 0.6525 0.52625 0.65375 0.5325 0.6825 0.54 0.68 0.55 0.65625 0.57 0.64625
4 0.9 0.58375 0.88875 0.5875 0.9 0.6 0.90125 0.60875 0.9075 0.61 0.90875 0.585
4 0.1675 0.65875 0.165 0.675 0.1725 0.67625 0.17375 0.66375
0 0.13375 0.515 0.1325 0.55 0.14 0.62 0.1475 0.64 0.1625 0.65375 0.16625 0.675 0.185 0.6675 0.2275 0.6925 0.2475 0.69625 0.255 0.70625 0.2575 0.73 0.265 0.735 0.275 0.70375 0.3125 0.69 0.45125 0.66625 0.47 0.65875 0.49625 0.66125 0.51375 0.68625 0.53125 0.68 0.53625 0.6825 0.54375 0.66125 0.565 0.645 0.6325 0.63125 0.88125 0.5875 0.89625 0.59125 0.90125 0.6075 0.90625 0.61 0.915 0.56125 0.9175 0.4875 0.91375 0.4775 0.84875 0.46 0.84375 0.4625 0.79 0.41875 0.77625 0.36625 0.76875 0.36 0.75 0.36 0.6175 0.3675 0.61 0.3725 0.58125 0.36875 0.18125 0.38875 0.1725 0.39625 0.17875 0.435 0.13875 0.49125