5 0.11 0.504 0.114 0.534 0.172 0.626 0.218 0.612 0.236 0.622 0.238 0.644 0.362 0.642 0.366 0.604 0.358 0.496
5 0.614 0.498 0.522 0.508 0.372 0.498 0.38 0.592 0.374 0.646 0.62 0.644 0.62 0.504
5 0.628 0.5 0.63 0.648 0.856 0.648 0.876 0.642 0.88 0.494 0.706 0.508
7 0.098 0.696 0.1 0.73 0.116 0.736 0.894 0.734 0.9 0.73 0.902 0.682 0.876 0.654 0.848 0.652 0.272 0.648 0.24 0.65 0.202 0.668 0.11 0.66
1 0.124 0.468 0.122 0.49 0.138 0.5 0.368 0.492 0.45 0.504 0.52 0.504 0.54 0.496 0.692 0.498 0.708 0.484 0.748 0.498 0.816 0.496 0.876 0.48 0.874 0.46 0.866 0.456 0.2 0.454 0.14 0.456
6 0.038 0.576 0.03 0.59 0.038 0.796 0.044 0.804 0.065334 0.804 0.084 0.814 0.108 0.786 0.096 0.724 0.102 0.672 0.118 0.65 0.108 0.596 0.092 0.57 0.058 0.568
3 0.884 0.532 0.884 0.652 0.904 0.69 0.896 0.79 0.914 0.818 0.966 0.8 0.97 0.586 0.928 0.532
2 0.104 0.742 0.1 0.796 0.106 0.804 0.894 0.804 0.894 0.75 0.886 0.738 0.848 0.738 0.842 0.75 0.816 0.75 0.808 0.74 0.562 0.736 0.128 0.736
4 0.05 0.808 0.05 0.876 0.058 0.882 0.072 0.872 0.094 0.808
4 0.912 0.808 0.904 0.814 0.928 0.872 0.934 0.88 0.948 0.88 0.95 0.81
0 0.126 0.464 0.124 0.496 0.112 0.502 0.11 0.518 0.116 0.552 0.1 0.578 0.084 0.568 0.056 0.568 0.042 0.57 0.028 0.584 0.028 0.722 0.038 0.7512000000000001 0.038 0.796 0.048 0.812 0.054 0.878 0.07 0.876 0.096 0.808 0.124 0.804 0.888 0.806 0.91 0.82 0.93 0.876 0.948 0.878 0.95 0.8272 0.968 0.788 0.968 0.58 0.926 0.53 0.876 0.52 0.882 0.5 0.876 0.462 0.868 0.456 0.2 0.454 0.142 0.456