1 0.28936392075078204 0.32363162467419637 0.8420229405630866 0.34317984361424847 0.8602711157455682 0.38662033014769764 0.886339937434828 0.3887923544743701 0.886339937434828 0.40834057341442226 0.8133472367049009 0.4192006950477845 0.7247132429614181 0.41702867072111205 0.6465067778936392 0.4582971329278888 0.3102189781021898 0.44526498696785405 0.2711157455683003 0.38010425716768026
5 0.2737226277372263 0.3996524761077324 0.13034410844629823 0.4192006950477845 0.11209593326381648 0.4604691572545613 0.145985401459854 0.4778453518679409 0.1903023983315954 0.47132927888792353 0.30500521376433787 0.45178105994787143
5 0.7768508863399375 0.42137271937445697 0.6751824817518248 0.4430929626411816 0.662148070907195 0.48218940052128584 0.6830031282586028 0.501737619461338 0.7221063607924921 0.501737619461338 0.7299270072992701 0.4539530842745439
6 0.17987486965589156 0.4018245004344049 0.09645464025026068 0.4105125977410947 0.0808133472367049 0.4582971329278888 0.08602711157455684 0.605994787141616 0.12252346193952034 0.5994787141615986 0.11209593326381648 0.4952215464813206 0.1173096976016684 0.43440486533449174
3 0.8993743482794577 0.4105125977410947 0.9202294056308655 0.42137271937445697 0.9150156412930136 0.6038227628149435 0.7586027111574557 0.6646394439617723 0.7221063607924921 0.6494352736750652 0.7325338894681961 0.4582971329278888 0.7664233576642335 0.43440486533449174
7 0.30761209593326383 0.45178105994787143 0.6595411887382691 0.473501303214596 0.6595411887382691 0.49956559513466553 0.6960375391032325 0.525629887054735 0.7168925964546402 0.5147697654213728 0.7142857142857143 0.573414422241529 0.11991657977059438 0.525629887054735 0.1173096976016684 0.49304952215464815 0.1616266944734098 0.4843614248479583 0.2346193952033368 0.4626411815812337
2 0.12773722627737227 0.5364900086880973 0.7142857142857143 0.573414422241529 0.7168925964546402 0.6537793223284101 0.1251303441084463 0.6081668114682884
4 0.09645464025026068 0.6125108601216334 0.1173096976016684 0.6125108601216334 0.12252346193952034 0.629887054735013 0.09124087591240876 0.6364031277150304
4 0.7429614181438999 0.6668114682884448 0.7690302398331595 0.6602953953084274 0.7716371220020855 0.682015638575152 0.7455683003128258 0.6907037358818419
4 0.8889468196037539 0.6211989574283232 0.9045881126173096 0.605994787141616 0.9124087591240876 0.6277150304083405 0.8889468196037539 0.6429192006950478
0 0.08759124087591241 0.42137271937445697 0.08133472367049009 0.43527367506516074 0.08133472367049009 0.5325803649000869 0.08550573514077164 0.5386620330147698 0.08133472367049009 0.5464813205907906 0.08550573514077164 0.5647263249348393 0.08133472367049009 0.58123370981755 0.08446298227320125 0.6055603822762815 0.09801876955161627 0.6125108601216334 0.09801876955161627 0.6203301476976543 0.1032325338894682 0.6246741963509991 0.11783107403545359 0.6229365768896612 0.1251303441084463 0.6072980017376195 0.1678832116788321 0.6099044309296264 0.3534932221063608 0.6264118158123371 0.67570385818561 0.6490008688097306 0.7340980187695516 0.6559513466550826 0.7403545359749739 0.6707211120764552 0.7539103232533889 0.6724587315377932 0.762252346193952 0.6715899218071243 0.7664233576642335 0.6594265855777585 0.7758081334723671 0.6516072980017377 0.8310740354535975 0.629887054735013 0.8717413972888426 0.6168549087749783 0.8800834202294057 0.6177237185056472 0.8832116788321168 0.6246741963509991 0.899895724713243 0.6246741963509991 0.9155370177267987 0.6012163336229366 0.9176225234619395 0.42397914856646396 0.8467153284671532 0.34057341442224154 0.7017726798748697 0.3423110338835795 0.28988529718456724 0.3266724587315378 0.28154327424400416 0.3318853171155517 0.2773722627737226 0.34144222415291053 0.26798748696558916 0.39009556907037357 0.25547445255474455 0.3987836663770634 0.2346193952033368 0.40312771503040834 0.22523461939520334 0.4005212858384014 0.18248175182481752 0.40747176368375326 0.15641293013555788 0.40747176368375326 0.12095933263816476 0.4144222415291051 0.10010427528675704 0.4144222415291051