1 0.7383775 0.43713625 0.63908625 0.44632625 0.6676949999999999 0.54976125 0.5675625 0.5724662500000001 0.5170750000000001 0.46650874999999997 0.43713625 0.4791225 0.46490499999999996 0.6010575 0.37066125 0.6061025 0.2932475 0.49426000000000003 0.21162625 0.5102375 0.24864999999999998 0.58928375 0.09803 0.5548062500000001 0.06605375000000001 0.4917375 0.6862075 0.40512125
5 0.21375 0.51625 0.21875 0.5425 0.235 0.58125 0.26625 0.5925 0.27625 0.60375 0.30375 0.6125 0.32125 0.625 0.35875 0.61625 0.34125 0.56375 0.31875 0.52625 0.29125 0.495 0.2575 0.51375
5 0.435 0.48125 0.44125 0.51375 0.47 0.59375 0.565 0.5775 0.555 0.54125 0.52125 0.47 0.48375 0.48375
5 0.73375 0.44 0.68 0.45125 0.6425 0.4475 0.67125 0.55625 0.77375 0.5425 0.73875 0.4425
7 0.2425 0.71 0.24125 0.75125 0.25 0.775 0.27125 0.78875 0.30375 0.78875 0.54625 0.71375 0.87625 0.63625 0.9175 0.6225 0.93 0.605 0.93125 0.57 0.9275 0.56125 0.91625 0.55625 0.8975 0.55875 0.83625 0.54875 0.7725 0.54625 0.68125 0.55875 0.66125 0.55375 0.6375 0.55625 0.59875 0.56875 0.57125 0.57125 0.56125 0.58 0.485 0.59625 0.46125 0.59 0.43125 0.59375 0.38125 0.61125 0.365 0.61 0.35125 0.62125 0.325 0.63 0.3275 0.65125 0.31625 0.6775 0.3025 0.6925 0.2875 0.69625 0.25 0.6925 0.24875 0.705
6 0.26505875 0.59869625 0.04838375 0.5413512500000001 0.0214575 0.63133125 0.0997125 0.6733775 0.11738375 0.7625149999999999 0.26968625 0.8356762500000001
5 0.27375 0.6075 0.25 0.685 0.26625 0.6925 0.29 0.695 0.30375 0.68875 0.3175 0.67375 0.325 0.65625 0.32375 0.6375 0.30875 0.615 0.28375 0.60625
5 0.75875 0.48875 0.7675 0.5225 0.7825 0.545 0.90375 0.5575 0.91375 0.55375 0.925 0.53625 0.92375 0.51 0.90875 0.495 0.79125 0.48125 0.77125 0.48125
2 0.27263125 0.7905487499999999 0.27978375 0.8356762500000001 0.9327537499999999 0.6548762499999999 0.92938875 0.6237625
4 0.27 0.84625 0.27125 0.87625 0.28875 0.87625 0.29625 0.84375
4 0.89125 0.6675 0.8875 0.66875 0.89 0.6875 0.90375 0.68875 0.91 0.66625
3 0.7181825000000001 0.41946625 0.77960875 0.46903125 0.93107125 0.50687375 0.93107125 0.62712625 0.956315 0.6061025 0.94369375 0.48921375 0.83430375 0.45978125
0 0.02 0.61 0.0225 0.64625 0.08 0.65875 0.095 0.67125 0.09625 0.6875 0.08625 0.70625 0.08625 0.7175 0.10125 0.75125 0.10875 0.7925 0.11375 0.79625 0.1325 0.79375 0.1775 0.8075 0.2325 0.83625 0.26 0.8425 0.27 0.859375 0.2725 0.875 0.28125 0.8775 0.2925 0.8675 0.29875 0.84125 0.33 0.83125 0.4425 0.77625 0.7625 0.68875 0.78625 0.67875 0.875 0.665 0.89 0.67 0.89375 0.68625 0.9025 0.68625 0.9075 0.66375 0.92875 0.65125 0.945 0.63 0.9525 0.57375 0.95 0.53 0.945 0.5 0.9325 0.48375 0.90125 0.47375 0.8025 0.45875 0.7125 0.41625 0.6675 0.41 0.5675 0.4175 0.18375 0.45875 0.0925 0.475 0.06625 0.48875 0.04625 0.51125 0.025 0.57125