5 0.30859375 0.490234375 0.310546875 0.4954427083333333 0.302734375 0.5501302083333334 0.3040364583333333 0.5579427083333334 0.4251302083333333 0.568359375 0.4283854166666667 0.560546875 0.4407552083333333 0.4739583333333333 0.4407552083333333 0.4212239583333333 0.357421875 0.4212239583333333 0.322265625 0.4186197916666667
5 0.4641927083333333 0.494140625 0.4661458333333333 0.5071614583333334 0.4583333333333333 0.5598958333333334 0.4596354166666667 0.5709635416666666 0.5208333333333334 0.5787760416666666 0.5950520833333334 0.5826822916666666 0.59765625 0.5755208333333334 0.599609375 0.5423177083333334 0.607421875 0.48828125 0.6100260416666666 0.427734375 0.6028645833333334 0.4244791666666667 0.5670572916666666 0.4270833333333333 0.52734375 0.4244791666666667 0.51953125 0.4270833333333333 0.5091145833333334 0.423828125 0.4765625 0.4212239583333333 0.4733072916666667 0.4251302083333333 0.4694010416666667 0.4817708333333333
5 0.6451822916666666 0.4375 0.6328125 0.5846354166666666 0.7565104166666666 0.595703125 0.7571614583333334 0.5729166666666666 0.76171875 0.5625 0.7923177083333334 0.5475260416666666 0.7975260416666666 0.4954427083333333 0.7994791666666666 0.4322916666666667 0.7962239583333334 0.4296875 0.697265625 0.4309895833333333 0.6490885416666666 0.4264322916666667 0.646484375 0.4283854166666667
1 0.3352864583333333 0.4140625 0.3626302083333333 0.4192708333333333 0.4329427083333333 0.41796875 0.443359375 0.423828125 0.4427083333333333 0.494140625 0.4309895833333333 0.5494791666666666 0.4309895833333333 0.5611979166666666 0.4342447916666667 0.5638020833333334 0.453125 0.56640625 0.4563802083333333 0.5611979166666666 0.462890625 0.490234375 0.4694010416666667 0.462890625 0.4720052083333333 0.4264322916666667 0.4772135416666667 0.419921875 0.5123697916666666 0.423828125 0.5149739583333334 0.4264322916666667 0.5149739583333334 0.4322916666666667 0.5221354166666666 0.423828125 0.53515625 0.4225260416666667 0.5618489583333334 0.4270833333333333 0.599609375 0.4225260416666667 0.6100260416666666 0.4251302083333333 0.6126302083333334 0.4322916666666667 0.6100260416666666 0.498046875 0.60546875 0.5084635416666666 0.6087239583333334 0.5143229166666666 0.6041666666666666 0.5384114583333334 0.5989583333333334 0.5494791666666666 0.6002604166666666 0.5553385416666666 0.5983072916666666 0.560546875 0.599609375 0.57421875 0.6067708333333334 0.578125 0.6263020833333334 0.5807291666666666 0.630859375 0.572265625 0.6321614583333334 0.5442708333333334 0.6380208333333334 0.5234375 0.6354166666666666 0.5065104166666666 0.6412760416666666 0.4876302083333333 0.6432291666666666 0.4303385416666667 0.6497395833333334 0.4231770833333333 0.6686197916666666 0.4244791666666667 0.6953125 0.4303385416666667 0.7115885416666666 0.42578125 0.73046875 0.4309895833333333 0.7428385416666666 0.431640625 0.7734375 0.4303385416666667 0.7864583333333334 0.4264322916666667 0.796875 0.4290364583333333 0.8014322916666666 0.4342447916666667 0.8001302083333334 0.4752604166666667 0.8020833333333334 0.48046875 0.7994791666666666 0.5149739583333334 0.8020833333333334 0.5234375 0.796875 0.5325520833333334 0.796875 0.5442708333333334 0.8046875 0.5462239583333334 0.8671875 0.5260416666666666 0.8678385416666666 0.4420572916666667 0.8658854166666666 0.4290364583333333 0.8619791666666666 0.4251302083333333 0.7838541666666666 0.4212239583333333 0.6868489583333334 0.4205729166666667 0.369140625 0.4108072916666667
6 0.13802083333333334 0.5221354166666666 0.138671875 0.7076822916666666 0.14388020833333334 0.7141927083333334 0.17643229166666666 0.7200520833333334 0.1796875 0.7180989583333334 0.18033854166666666 0.6022135416666666 0.18489583333333334 0.587890625 0.19270833333333334 0.5794270833333334 0.20052083333333334 0.576171875 0.2962239583333333 0.5572916666666666 0.2955729166666667 0.5520833333333334 0.3001302083333333 0.5501302083333334 0.302734375 0.53515625 0.3046875 0.5052083333333334 0.3033854166666667 0.5006510416666666 0.275390625 0.5006510416666666 0.14583333333333334 0.517578125
3 0.7604166666666666 0.6009114583333334 0.759765625 0.7083333333333334 0.7623697916666666 0.8001302083333334 0.7682291666666666 0.8072916666666666 0.7975260416666666 0.8125 0.8046875 0.81640625 0.806640625 0.8203125 0.8209635416666666 0.818359375 0.880859375 0.7740885416666666 0.8971354166666666 0.7669270833333334 0.8997395833333334 0.7584635416666666 0.9075520833333334 0.755859375 0.9173177083333334 0.748046875 0.9251302083333334 0.7356770833333334 0.9270833333333334 0.6614583333333334 0.9251302083333334 0.53515625 0.9205729166666666 0.53125 0.9049479166666666 0.5279947916666666 0.8678385416666666 0.5279947916666666 0.8092447916666666 0.544921875 0.7825520833333334 0.5553385416666666 0.7688802083333334 0.5611979166666666 0.7630208333333334 0.5670572916666666
7 0.181640625 0.6119791666666666 0.18098958333333334 0.6360677083333334 0.19140625 0.6393229166666666 0.5423177083333334 0.6783854166666666 0.6243489583333334 0.6881510416666666 0.6302083333333334 0.6907552083333334 0.7200520833333334 0.69921875 0.7259114583333334 0.70703125 0.7337239583333334 0.7063802083333334 0.7369791666666666 0.7018229166666666 0.7552083333333334 0.7044270833333334 0.7578125 0.7005208333333334 0.7591145833333334 0.619140625 0.7578125 0.6002604166666666 0.755859375 0.5983072916666666 0.6393229166666666 0.5904947916666666 0.6263020833333334 0.5826822916666666 0.609375 0.580078125 0.6015625 0.580078125 0.5908203125 0.5859375 0.5540364583333334 0.58203125 0.52734375 0.5826822916666666 0.5052083333333334 0.578125 0.4609375 0.5748697916666666 0.453125 0.568359375 0.4388020833333333 0.56640625 0.43359375 0.56640625 0.4212239583333333 0.572265625 0.400390625 0.568359375 0.3541666666666667 0.5677083333333334 0.2942708333333333 0.560546875 0.203125 0.5755208333333334 0.18815104166666666 0.5852864583333334 0.18294270833333334 0.5989583333333334
2 0.18033854166666666 0.6451822916666666 0.18033854166666666 0.7109375 0.18489583333333334 0.720703125 0.724609375 0.80078125 0.7571614583333334 0.8040364583333334 0.7604166666666666 0.8001302083333334 0.7578125 0.7096354166666666 0.7506510416666666 0.703125 0.2916666666666667 0.6510416666666666 0.234375 0.642578125 0.23372395833333334 0.640625 0.18489583333333334 0.638671875
4 0.15885416666666666 0.7200520833333334 0.15885416666666666 0.732421875 0.16341145833333334 0.748046875 0.17317708333333334 0.7506510416666666 0.18619791666666666 0.748046875 0.19140625 0.7317708333333334 0.19140625 0.7233072916666666
4 0.7819010416666666 0.8138020833333334 0.7819010416666666 0.826171875 0.7877604166666666 0.8463541666666666 0.8020833333333334 0.8515625 0.8151041666666666 0.849609375 0.8196614583333334 0.8424479166666666 0.8235677083333334 0.818359375 0.787109375 0.8125
4 0.8795572916666666 0.77734375 0.87890625 0.7799479166666666 0.8873697916666666 0.783203125 0.900390625 0.7825520833333334 0.9055989583333334 0.7747395833333334 0.908203125 0.7584635416666666 0.9036458333333334 0.7591145833333334
0 0.13671875 0.5247395833333334 0.13802083333333334 0.705078125 0.14322916666666666 0.7141927083333334 0.15755208333333334 0.7213541666666666 0.16145833333333334 0.7447916666666666 0.16796875 0.7513020833333334 0.18229166666666666 0.75 0.18619791666666666 0.7473958333333334 0.19140625 0.7265625 0.19661458333333334 0.720703125 0.3483072916666667 0.7454427083333334 0.37109375 0.7467447916666666 0.419921875 0.7565104166666666 0.4680989583333333 0.76171875 0.5162760416666666 0.7708333333333334 0.6432291666666666 0.7877604166666666 0.66796875 0.7936197916666666 0.7513020833333334 0.8040364583333334 0.7708333333333334 0.8092447916666666 0.78125 0.81640625 0.783203125 0.833984375 0.7877604166666666 0.8470052083333334 0.7942708333333334 0.8502604166666666 0.8111979166666666 0.8509114583333334 0.8151041666666666 0.849609375 0.8203125 0.841796875 0.8235677083333334 0.8229166666666666 0.830078125 0.8125 0.873046875 0.7805989583333334 0.8971354166666666 0.7825520833333334 0.9036458333333334 0.779296875 0.9114583333333334 0.751953125 0.9192708333333334 0.74609375 0.9251302083333334 0.7350260416666666 0.9270833333333334 0.712890625 0.9244791666666666 0.603515625 0.92578125 0.537109375 0.9244791666666666 0.533203125 0.9186197916666666 0.529296875 0.89453125 0.5260416666666666 0.8732096354166666 0.5266927083333334 0.8678385416666666 0.5240885416666666 0.8671875 0.435546875 0.8626302083333334 0.42578125 0.82421875 0.4251302083333333 0.7838541666666666 0.419921875 0.7532552083333334 0.4225260416666667 0.7154947916666666 0.419921875 0.5475260416666666 0.41796875 0.5266927083333334 0.4147135416666667 0.3359375 0.4140625 0.33203125 0.4166666666666667 0.32421875 0.416015625 0.3196614583333333 0.4212239583333333 0.3138020833333333 0.462890625 0.3098958333333333 0.4700520833333333 0.30859375 0.494140625 0.3053385416666667 0.498046875 0.2662760416666667 0.50390625 0.24088541666666666 0.5045572916666666 0.22591145833333334 0.5091145833333334 0.19856770833333334 0.5110677083333334 0.1796875 0.515625 0.14908854166666666 0.5169270833333334 0.13997395833333334 0.5201822916666666