1 0.18350000000000002 0.5040123266563944 0.10690374999999999 0.49970955315870574 0.09037250000000001 0.3150662557781202 0.706448125 0.31642372881355935 0.71746875 0.4128181818181818 0.577501875 0.4263952234206472 0.637015625 0.5893151001540833 0.5620725 0.6056078582434514 0.59293125 0.5010670261941448 0.46288312500000006 0.3802342064714946 0.4022675 0.5214322033898304 0.49594625000000003 0.6069653312788906 0.38353187499999997 0.6286879815100155 0.33393687499999997 0.4223220338983051 0.168621875 0.39924191063174114
5 0.575625 0.4268104776579353 0.5775 0.43605546995377503 0.5875 0.4530046224961479 0.595 0.47380585516178736 0.601875 0.4815100154083205 0.608125 0.5077041602465331 0.62375 0.539291217257319 0.62625 0.551617873651772 0.63125 0.559322033898305 0.633125 0.573959938366718 0.6475 0.610939907550077 0.745625 0.5993836671802774 0.76625 0.5939907550077042 0.766875 0.588597842835131 0.763125 0.5824345146379045 0.763125 0.5747303543913713 0.755625 0.5500770416024653 0.72 0.4476117103235747 0.71375 0.41756548536209553 0.71 0.41294298921417566 0.703125 0.41294298921417566 0.690625 0.42604006163328195 0.65875 0.4306625577812018
5 0.396875 0.524653312788906 0.3975 0.5354391371340523 0.405 0.5423728813559322 0.44375 0.5631741140215717 0.49375 0.6047765793528506 0.510625 0.6224961479198767 0.54375 0.6240369799691834 0.54875 0.6224961479198767 0.5575 0.5816640986132512 0.575625 0.5385208012326657 0.591875 0.5192604006163328 0.5925 0.5084745762711864 0.588125 0.4984591679506934 0.539375 0.45454545454545453 0.511875 0.42295839753466874 0.481875 0.3998459167950693 0.46 0.37519260400616333 0.454375 0.3728813559322034 0.45125 0.38058551617873654 0.449375 0.40600924499229585 0.44625 0.41448382126348227 0.4475 0.41833590138674887 0.4425 0.4306625577812018 0.438125 0.4560862865947612 0.414375 0.5038520801232665 0.40625 0.514637904468413 0.400625 0.5169491525423728
5 0.160625 0.40061633281972264 0.16125 0.4221879815100154 0.17 0.4422187981510015 0.178125 0.4946070878274268 0.184375 0.512326656394453 0.225625 0.5200308166409862 0.266875 0.522342064714946 0.335625 0.5323574730354391 0.3375 0.5416024653312789 0.32875 0.5485362095531587 0.32625 0.5539291217257319 0.3275 0.576271186440678 0.325 0.5916795069337443 0.32875 0.6055469953775039 0.32625 0.615562403697997 0.326875 0.6432973805855162 0.363125 0.6440677966101694 0.37875 0.6394453004622496 0.38 0.6332819722650231 0.3625 0.5916795069337443 0.35 0.5469953775038521 0.33875 0.4869029275808937 0.334375 0.4352850539291217 0.3325 0.42604006163328195 0.328125 0.41987673343605547 0.31375 0.4214175654853621 0.294375 0.43143297380585516 0.26375 0.43297380585516176 0.21375 0.4206471494607088 0.19125 0.41140215716486905 0.175 0.3998459167950693
6 0.05875 0.5092449922958397 0.056875 0.5154083204930663 0.063125 0.5215716486902927 0.06625 0.74884437596302 0.068125 0.7588597842835131 0.075 0.7627118644067796 0.074375 0.7688751926040062 0.0775 0.7719568567026194 0.08 0.7688751926040062 0.079375 0.7557781201848999 0.089375 0.7519260400616333 0.093125 0.7580893682588598 0.100625 0.7627118644067796 0.136875 0.773497688751926 0.1725 0.7812018489984591 0.259375 0.8073959938366718 0.269375 0.8073959938366718 0.275 0.8043143297380585 0.278125 0.8089368258859785 0.275625 0.8189522342064715 0.279375 0.8174114021571649 0.28625 0.8243451463790447 0.288125 0.8228043143297381 0.293125 0.8297380585516179 0.298125 0.8228043143297381 0.3 0.8258859784283513 0.304375 0.8220338983050848 0.306875 0.8151001540832049 0.310625 0.8158705701078582 0.31375 0.825115562403698 0.3175 0.8197226502311248 0.325625 0.8166409861325116 0.326875 0.7742681047765794 0.324375 0.6941448382126348 0.32625 0.6471494607087828 0.3225 0.5747303543913713 0.324375 0.5562403697996918 0.321875 0.5508474576271186 0.3225 0.5469953775038521 0.333125 0.539291217257319 0.333125 0.5354391371340523 0.28375 0.5269645608628659 0.2675 0.5277349768875192 0.25875 0.5238828967642527 0.146875 0.512326656394453 0.095 0.5077041602465331
4 0.066875 0.7704160246533128 0.065 0.825115562403698 0.06625 0.8821263482280431 0.070625 0.886748844375963 0.083125 0.8906009244992296 0.108125 0.886748844375963 0.113125 0.8836671802773498 0.11375 0.8798151001540832 0.11125 0.7719568567026194 0.103125 0.7650231124807396 0.096875 0.7650231124807396 0.085 0.7526964560862865 0.07875 0.7665639445300462 0.069375 0.7604006163328197
4 0.2725 0.810477657935285 0.274375 0.9591679506933745 0.290625 0.9668721109399075 0.30125 0.9668721109399075 0.32375 0.9599383667180277 0.32625 0.9545454545454546 0.324375 0.7557781201848999
4 0.915625 0.7203389830508474 0.915625 0.7927580893682589 0.918125 0.810477657935285 0.938125 0.8143297380585516 0.953125 0.8112480739599384 0.95625 0.8073959938366718 0.956875 0.800462249614792 0.95625 0.6795069337442219 0.95375 0.662557781201849 0.948125 0.6656394453004623 0.9425 0.6594761171032357 0.939375 0.6610169491525424 0.940625 0.7041602465331279 0.93625 0.7103235747303543 0.9175 0.714175654853621
3 0.73375 0.47380585516178736 0.73375 0.48228043143297383 0.743125 0.5130970724191063 0.761875 0.5624036979969184 0.765 0.5654853620955316 0.76875 0.5839753466872111 0.78375 0.5855161787365177 0.80125 0.5947611710323575 0.80625 0.5924499229583975 0.82375 0.5963020030816641 0.84125 0.5901386748844376 0.859375 0.600924499229584 0.87125 0.5993836671802774 0.8875 0.6032357473035439 0.895625 0.5978428351309707 0.90125 0.6055469953775039 0.920625 0.6086286594761171 0.92875 0.6186440677966102 0.93 0.6548536209553159 0.94125 0.6602465331278891 0.9425 0.6656394453004623 0.945 0.6633281972265023 0.95375 0.6640986132511556 0.95625 0.6533127889060092 0.956875 0.487673343605547
7 0.326875 0.6587057010785824 0.326875 0.7457627118644068 0.328125 0.7496147919876733 0.335 0.75115562403698 0.55 0.7195685670261941 0.83 0.672573189522342 0.845 0.6718027734976888 0.84875 0.6771956856702619 0.85375 0.6779661016949152 0.866875 0.662557781201849 0.88 0.6656394453004623 0.915 0.6579352850539292 0.9175 0.6494607087827426 0.921875 0.6510015408320493 0.920625 0.6456086286594761 0.925 0.637904468412943 0.925625 0.6248073959938367 0.919375 0.6117103235747303 0.853125 0.6070878274268104 0.809375 0.5978428351309707 0.775625 0.5963020030816641 0.7375 0.6047765793528506 0.716875 0.6047765793528506 0.668125 0.6124807395993837 0.66 0.6163328197226502 0.6425 0.6124807395993837 0.636875 0.6086286594761171 0.636875 0.6047765793528506 0.61125 0.6024653312788906 0.560625 0.6093990755007704 0.5475 0.6278890600924499 0.51375 0.6286594761171033 0.491875 0.6178736517719569 0.39375 0.6271186440677966 0.384375 0.6317411402157165 0.383125 0.6386748844375963 0.374375 0.6456086286594761 0.33 0.6486902927580893
2 0.326875 0.7557781201848999 0.326875 0.8181818181818182 0.33 0.8204930662557781 0.36 0.8181818181818182 0.439375 0.8050847457627118 0.629375 0.765793528505393 0.703125 0.7542372881355932 0.9325 0.7072419106317411 0.936875 0.7026194144838213 0.9375 0.6679506933744221 0.925 0.6648690292758089 0.9125 0.6679506933744221 0.8975 0.6648690292758089 0.55875 0.7195685670261941 0.375625 0.7457627118644068
0 0.08 0.35208012326656396 0.0825 0.39445300462249616 0.095625 0.5038520801232665 0.08875 0.5084745762711864 0.06375 0.5077041602465331 0.056875 0.5115562403697997 0.056875 0.5154083204930663 0.060625 0.5177195685670262 0.065625 0.5292758089368259 0.065 0.7318952234206472 0.066875 0.7642526964560863 0.065625 0.8050847457627118 0.0675 0.810477657935285 0.06625 0.8782742681047766 0.068125 0.8836671802773498 0.088125 0.8898305084745762 0.1125 0.8821263482280431 0.113125 0.7750385208012327 0.115625 0.7673343605546995 0.269375 0.8112480739599384 0.275625 0.8382126348228043 0.27375 0.8459167950693375 0.27375 0.9560862865947611 0.275625 0.9599383667180277 0.2925 0.9661016949152542 0.32125 0.9599383667180277 0.325625 0.9530046224961479 0.3225 0.9098613251155624 0.325 0.8628659476117103 0.321875 0.8567026194144838 0.325625 0.8351309707241911 0.320625 0.8281972265023112 0.326875 0.8181818181818182 0.333125 0.8212634822804314 0.3675 0.8181818181818182 0.38375 0.812788906009245 0.40625 0.8112480739599384 0.475 0.7981510015408321 0.490625 0.7912172573189522 0.529375 0.7865947611710323 0.56375 0.7773497688751926 0.68625 0.7557781201848999 0.695 0.7596302003081664 0.695625 0.7650231124807396 0.698125 0.7665639445300462 0.705625 0.7688751926040062 0.721875 0.7673343605546995 0.728125 0.7650231124807396 0.730625 0.7580893682588598 0.728125 0.7550077041602465 0.73375 0.7465331278890601 0.91 0.711864406779661 0.918125 0.7164869029275809 0.916875 0.8035439137134053 0.92125 0.8089368258859785 0.938125 0.812788906009245 0.94875 0.8112480739599384 0.955 0.8066255778120185 0.956875 0.49075500770416025 0.94625 0.4861325115562404 0.918125 0.48382126348228044 0.846875 0.48228043143297383 0.733125 0.4745762711864407 0.69375 0.4221879815100154 0.703125 0.41217257318952233 0.715 0.4052388289676425 0.7075 0.3235747303543914 0.70375 0.31664098613251157 0.110625 0.3073959938366718 0.09875 0.31047765793528503 0.088125 0.3181818181818182 0.0875 0.3459167950693374