1 0.2502606882168926 0.34969591659426585 0.9124087591240876 0.3822762814943527 0.8706986444212722 0.4061685490877498 0.7950990615224192 0.4192006950477845 0.6282586027111574 0.3996524761077324 0.6047966631908238 0.46915725456125107 0.5995828988529719 0.3996524761077324 0.4249217935349322 0.3996524761077324 0.4171011470281543 0.4604691572545613 0.40145985401459855 0.4604691572545613 0.40667361835245047 0.3996524761077324 0.25547445255474455 0.3953084274543875
5 0.7690302398331595 0.42137271937445697 0.25547445255474455 0.3996524761077324 0.12773722627737227 0.40399652476107734 0.14337851929092804 0.46915725456125107 0.24765380604796663 0.4539530842745439 0.7090719499478624 0.4778453518679409 0.7116788321167883 0.5125977410947002 0.7533889468196038 0.5060816681146829 0.7586027111574557 0.44526498696785405
3 0.9045881126173096 0.40399652476107734 0.9071949947862357 0.5430060816681147 0.9019812304483837 0.5082536924413553 0.8915537017726799 0.5125977410947002 0.8915537017726799 0.5473501303214596 0.8107403545359749 0.5821025195482189 0.8159541188738269 0.5408340573414422 0.8003128258602711 0.5408340573414422 0.7950990615224192 0.5886185925282363 0.7664233576642335 0.5929626411815813 0.7664233576642335 0.4365768896611642
6 0.23983315954118875 0.3844483058210252 0.08342022940563086 0.40399652476107734 0.08602711157455684 0.549522154648132 0.10427528675703858 0.5473501303214596 0.10427528675703858 0.47132927888792353 0.1329509906152242 0.46481320590790615 0.12252346193952034 0.4061685490877498
7 0.24765380604796663 0.4604691572545613 0.7038581856100105 0.47567332754126845 0.7064650677789364 0.5191138140747177 0.7559958289885297 0.5169417897480452 0.7559958289885297 0.5560382276281495 0.10948905109489052 0.5060816681146829 0.10688216892596454 0.473501303214596 0.14859228362878 0.47132927888792353
2 0.11209593326381648 0.5147697654213728 0.7612095933263816 0.5582102519548219 0.7612095933263816 0.5951346655082537 0.09906152241918666 0.5386620330147698
4 0.8185610010427529 0.5364900086880973 0.7977059436913452 0.5386620330147698 0.7898852971845672 0.5994787141615986 0.7429614181438999 0.5994787141615986 0.7924921793534933 0.6233709817549956 0.7950990615224192 0.6494352736750652 0.8107403545359749 0.6516072980017377
4 0.9071949947862357 0.5060816681146829 0.886339937434828 0.5060816681146829 0.886339937434828 0.5451781059947871 0.8628779979144943 0.5603822762814944 0.883733055265902 0.573414422241529 0.8889468196037539 0.6016507384882711 0.9071949947862357 0.6016507384882711
4 0.15380604796663191 0.5451781059947871 0.09906152241918666 0.5408340573414422 0.10166840458811262 0.5842745438748914 0.11470281543274244 0.5821025195482189 0.1173096976016684 0.553866203301477
4 0.47184567257559956 0.573414422241529 0.49530761209593327 0.577758470894874 0.49009384775808135 0.5929626411815813 0.4692387904066736 0.5973066898349262
0 0.08133472367049009 0.4092093831450912 0.08237747653806048 0.49956559513466553 0.0886339937434828 0.5386620330147698 0.09593326381647549 0.5421372719374457 0.09906152241918666 0.5497393570807994 0.10010427528675704 0.582971329278888 0.10531803962460896 0.5855777584708949 0.11157455683003129 0.580364900086881 0.7559958289885297 0.6055603822762815 0.7904066736183525 0.6168549087749783 0.7914494264859229 0.6481320590790617 0.7966631908237748 0.6516072980017377 0.8039624608967675 0.6472632493483927 0.8060479666319083 0.5899218071242398 0.8102189781021898 0.582971329278888 0.8561001042752867 0.5664639443961772 0.8613138686131386 0.5673327541268463 0.8779979144942649 0.5742832319721981 0.8821689259645464 0.5823197219808862 0.8821689259645464 0.6046915725456126 0.886339937434828 0.6072980017376195 0.8925964546402503 0.6055603822762815 0.8957247132429614 0.5606715899218071 0.908237747653806 0.5464813205907906 0.9113660062565172 0.529105125977411 0.9176225234619395 0.38748913987836664 0.872784150156413 0.3831450912250217 0.862356621480709 0.3779322328410078 0.8654848800834203 0.37011294526498695 0.862356621480709 0.365768896611642 0.8164754953076121 0.37098175499565594 0.7111574556830031 0.369244135534318 0.6527632950990615 0.3640312771503041 0.6402502606882169 0.3579496090356212 0.6037539103232534 0.366637706342311 0.5745568300312826 0.36750651607298 0.456725755995829 0.36055603822762816 0.4369134515119917 0.3518679409209383 0.41397288842544316 0.35708079930495223 0.35140771637122004 0.3579496090356212 0.2502606882168926 0.3483927019982624 0.2440041710114703 0.38835794960903564 0.132429614181439 0.4005212858384014 0.08759124087591241 0.40225890529973934