1 0.30761209593326383 0.3105994787141616 0.8342022940563086 0.317115551694179 0.8368091762252347 0.369244135534318 0.7872784150156413 0.36707211120764555 0.6282586027111574 0.3844483058210252 0.6178310740354536 0.4409209383145091 0.3154327424400417 0.42137271937445697 0.291970802919708 0.34317984361424847
5 0.291970802919708 0.3518679409209383 0.1329509906152242 0.3627280625543006 0.14077163712200208 0.4430929626411816 0.30500521376433787 0.42354474370112943
5 0.8133472367049009 0.3735881841876629 0.7768508863399375 0.3649000868809731 0.6308654848800834 0.39313640312771503 0.6282586027111574 0.4887054735013032 0.6777893639207507 0.4908774978279757 0.6908237747653806 0.40399652476107734
3 0.9124087591240876 0.3735881841876629 0.8263816475495308 0.37141615986099047 0.7142857142857143 0.39748045178105995 0.6934306569343066 0.6125108601216334 0.735140771637122 0.6190269331016507 0.9150156412930136 0.553866203301477
6 0.2737226277372263 0.341007819287576 0.07820646506777894 0.3649000868809731 0.08602711157455684 0.5278019113814074 0.10948905109489052 0.5321459600347523 0.11209593326381648 0.3649000868809731
7 0.3154327424400417 0.42354474370112943 0.6230448383733055 0.4430929626411816 0.6152241918665277 0.4843614248479583 0.6882168925964547 0.49956559513466553 0.6908237747653806 0.5668983492615117 0.10948905109489052 0.501737619461338 0.11209593326381648 0.4539530842745439 0.14859228362878 0.44526498696785405
2 0.11470281543274244 0.5104257167680278 0.6934306569343066 0.573414422241529 0.6934306569343066 0.6125108601216334 0.10688216892596454 0.5299739357080799
4 0.12252346193952034 0.5408340573414422 0.14337851929092804 0.5408340573414422 0.145985401459854 0.5994787141615986 0.1251303441084463 0.5973066898349262
4 0.662148070907195 0.6168549087749783 0.6856100104275287 0.6190269331016507 0.6777893639207507 0.6863596872284969 0.6595411887382691 0.6841876629018245
4 0.8342022940563086 0.5886185925282363 0.8550573514077163 0.5842745438748914 0.8446298227320125 0.6255430060816681
0 0.08237747653806048 0.365768896611642 0.08237747653806048 0.522154648132059 0.09176225234619395 0.5308427454387489 0.10948905109489052 0.5317115551694179 0.13034410844629823 0.5438748913987836 0.12930135557872785 0.5899218071242398 0.132429614181439 0.5968722849695917 0.13764337851929093 0.5933970460469157 0.1386861313868613 0.5855777584708949 0.13764337851929093 0.5343179843614249 0.15745568300312826 0.5334491746307559 0.643378519290928 0.5986099044309297 0.6642335766423357 0.6046915725456126 0.6663190823774765 0.6107732406602954 0.6631908237747653 0.6828844483058211 0.6715328467153284 0.685490877497828 0.6746611053180396 0.6125108601216334 0.7382690302398331 0.6168549087749783 0.835245046923879 0.5838401390095569 0.8404588112617309 0.5899218071242398 0.8383733055265902 0.6125108601216334 0.8415015641293013 0.6168549087749783 0.8477580813347236 0.6107732406602954 0.8498435870698644 0.578627280625543 0.9051094890510949 0.5586446568201564 0.9155370177267987 0.5499565595134666 0.9176225234619395 0.3796698523023458 0.9030239833159541 0.37271937445699393 0.8467153284671532 0.368375325803649 0.8383733055265902 0.35708079930495223 0.8383733055265902 0.32580364900086883 0.8258602711157456 0.317984361424848 0.67570385818561 0.3188531711555169 0.5318039624608968 0.31624674196351 0.5213764337851929 0.31364031277150306 0.3086548488008342 0.31190269331016507 0.2961418143899896 0.3197219808861859 0.2909280500521376 0.3344917463075586 0.278415015641293 0.3475238922675934 0.10010427528675704 0.35881841876629017