1 0.768 0.2432 0.768 0.3968 0.7728 0.4448 0.7832 0.4528 0.7968 0.4464 0.7968 0.3904 0.8096 0.3376 0.8232 0.2544 0.8312 0.2432 0.8496 0.1952 0.8712 0.1712 0.8912 0.1984 0.9032 0.1584 0.9144 0.16 0.9088 0.152 0.8984 0.1504 0.776 0.1472 0.7736 0.1504
5 0.8032 0.3872 0.8072 0.4832 0.8208 0.5008 0.8272 0.5264 0.8592 0.528 0.86 0.5008 0.8728 0.4976 0.8856 0.4384 0.9 0.344 0.9024 0.304 0.9024 0.2608 0.8992 0.2368 0.8728 0.1744 0.8664 0.1776 0.8472 0.2096 0.8424 0.2272 0.8296 0.2512
1 0.3656 0.1808 0.3624 0.2608 0.3552 0.3296 0.36 0.3776 0.3592 0.4128 0.3656 0.4464 0.384 0.448 0.3944 0.4448 0.3992 0.4368 0.404 0.3584 0.4016 0.3056 0.408 0.2752 0.5584 0.272 0.5616 0.2768 0.5584 0.3376 0.564 0.44 0.5744 0.4592 0.5952 0.4512 0.5984 0.4416 0.6088 0.3376 0.6024 0.2976 0.6048 0.2272 0.5944 0.144 0.372 0.1456
1 0.3592 0.3088 0.3592 0.3984 0.3624 0.44 0.3656 0.4464 0.396 0.4464 0.4 0.432 0.4016 0.3984 0.404 0.2464 0.4016 0.2096 0.3936 0.1664 0.3952 0.1552 0.4152 0.16 0.4256 0.152 0.4344 0.1664 0.4792 0.1696 0.496 0.1616 0.5032 0.1664 0.5144 0.152 0.5176 0.1616 0.5544 0.152 0.5312 0.1472 0.5 0.1472 0.4888 0.1536 0.4568 0.1472 0.3728 0.1472 0.364 0.1952
5 0.396 0.16 0.3976 0.1952 0.4032 0.2176 0.4048 0.2816 0.4016 0.4432 0.3976 0.4592 0.3968 0.4848 0.5608 0.4864 0.568 0.48 0.5608 0.4016 0.5592 0.3216 0.5624 0.2432 0.5728 0.1536 0.5072 0.1696 0.4416 0.1696
1 0.0948568 0.1485712 0.0971432 0.1554288 0.104 0.1622864 0.112 0.176 0.1188568 0.2057136 0.1394288 0.36571359999999997 0.1384 0.392 0.1408 0.416 0.1417144 0.4502864 0.1657144 0.464 0.1748568 0.464 0.1885712 0.4731424 0.196 0.4064 0.1992 0.3984 0.1968 0.3696 0.2024 0.3376 0.1976 0.3216 0.2032 0.2752 0.1976 0.2528 0.1984 0.224 0.2024 0.2096 0.192 0.1648 0.2048 0.1536 0.2504 0.1616 0.312 0.1616 0.3496 0.1552 0.3656 0.144 0.3544 0.1488 0.3504 0.144 0.3128 0.1424 0.0952 0.1456
5 0.1928 0.16 0.2008 0.2896 0.1992 0.4112 0.1928 0.48 0.208 0.4848 0.2496 0.48 0.3616 0.4832 0.364 0.4704 0.3584 0.4288 0.3568 0.3482672 0.3632 0.1952 0.3696 0.152 0.2956 0.1648 0.2 0.1552
5 0.5976 0.152 0.6032 0.1984 0.6056 0.3648 0.604 0.4144 0.5968 0.4832 0.7632 0.4864 0.7752 0.48 0.7664 0.3866672 0.7672 0.2832 0.7728 0.1536 0.7232 0.1728 0.6816 0.176 0.6336 0.1664 0.6024 0.1472
7 0.1056 0.528 0.1048 0.6064 0.1056 0.6192 0.1104 0.624 0.3888 0.6208 0.5848 0.6256 0.6968 0.6208 0.8832 0.6256 0.8888 0.624 0.896 0.6016 0.896 0.5456 0.8944 0.5312 0.8872 0.5152 0.8768 0.5152 0.8576 0.5424 0.8376 0.5472 0.8264 0.5376 0.8136 0.5008 0.7944 0.4688 0.3824 0.472 0.376 0.4736 0.3688 0.488 0.3496 0.4896 0.2888 0.4848 0.1976 0.488 0.1864 0.48 0.1824 0.4672 0.1384 0.4656 0.128 0.472
0 0.0456 0.2176 0.044 0.2336 0.064 0.328 0.0768 0.4336 0.08 0.5696 0.0792 0.848 0.0816 0.8528 0.08 0.8896 0.084 0.9152 0.104 0.9168 0.108 0.9104 0.1088 0.8464 0.104 0.8272 0.1072 0.808 0.116 0.792 0.1192 0.8016 0.1272 0.8064 0.1336 0.8064 0.1344 0.8 0.14 0.7968 0.14 0.7184 0.1488 0.7104 0.6576 0.7136 0.7896 0.7088 0.8616 0.7136 0.8648 0.8032 0.8944 0.8096 0.8936 0.9152 0.9016 0.9216 0.9208 0.9184 0.9232 0.7712 0.9216 0.4608 0.9336 0.3424 0.9552 0.2416 0.956 0.2224 0.9136 0.1536 0.8208 0.1456 0.4376 0.1488 0.3824 0.1472 0.3688 0.1408 0.3536 0.1456 0.1152 0.144 0.088 0.1536
2 0.1072 0.6336 0.1064 0.7056 0.1112 0.7088 0.8936 0.7104 0.8968 0.7088 0.8976 0.6992 0.8976 0.6608 0.8944 0.64 0.8888 0.6288 0.2376 0.6224 0.1224 0.6256 0.1112 0.6272
1 0.6112 0.1488 0.608 0.1536 0.612 0.1584 0.6672 0.1728 0.7192 0.1728 0.768 0.1536 0.756 0.1472
6 0.0456 0.2208 0.0464 0.2432 0.0656 0.3312 0.0744 0.3984 0.0808 0.528 0.08 0.6752 0.0777144 0.688 0.0845712 0.7062864 0.0868568 0.7154288 0.104 0.6902864 0.0982856 0.6148576 0.1017144 0.6125712000000001 0.1074288 0.6994288 0.104 0.5805712000000001 0.104 0.5264 0.128 0.4672 0.1376 0.4592 0.1376 0.4416 0.1448 0.4384 0.1448 0.4208 0.1496 0.4112 0.148 0.3584 0.1416 0.3584 0.1328 0.3392 0.1184 0.2272 0.1016 0.1536 0.0968 0.1488 0.088 0.1536
3 0.8928 0.1952 0.8896 0.7088 0.908 0.7104 0.908 0.7024 0.9216 0.696 0.9216 0.504 0.9256 0.4112 0.9344 0.3392 0.9568 0.224 0.912 0.1504 0.9008 0.152
1 0.5616 0.2912 0.5648 0.44 0.5702856 0.46628639999999993 0.5952 0.4496 0.5992 0.4368 0.6032 0.3728 0.6024 0.1968 0.5992 0.1904 0.5952 0.1472 0.5744 0.152 0.568 0.1888
1 0.1056 0.1552 0.1048 0.168 0.112 0.1856 0.136 0.336 0.1392 0.4 0.1496 0.4192 0.1314288 0.45485760000000003 0.192 0.4685712 0.2 0.3376 0.2 0.2656 0.1968 0.2416 0.2 0.2096 0.1944 0.1952 0.1904 0.1536 0.1856 0.1472 0.1672 0.1456 0.1576 0.16 0.1528 0.1536 0.1272 0.1536 0.124 0.1472 0.1136 0.1472
4 0.0788568 0.6994288 0.0824 0.912 0.1048 0.9168 0.108 0.904 0.1072 0.7152 0.1062856 0.6994288 0.1017144 0.6971424 0.1062856 0.7085712000000001 0.0971432 0.7017136 0.0857144 0.7108576
4 0.1168 0.712 0.1168 0.7952 0.1312 0.808 0.14 0.7952 0.14 0.7152 0.1376 0.7104
4 0.864 0.7136 0.8632 0.7984 0.8672 0.8096 0.8768 0.8112 0.8864 0.7968 0.8864 0.7136
4 0.896 0.7085712000000001 0.896 0.9152 0.916 0.9216 0.9216 0.9104 0.9224 0.7312 0.9234288 0.6811424 0.9165711999999999 0.72 0.8902856 0.7131424 0.8948567999999999 0.7062864 0.9188567999999999 0.6994288 0.9005711999999999 0.7131424 0.9062856 0.7062864 0.9074288 0.7085712000000001