0 0.13 0.095 0.1275 0.105 0.12875 0.1775 0.11875 0.19625 0.11 0.1925 0.09375 0.20375 0.054375 0.2625 0.05875 0.46375 0.061875 0.48 0.060625 0.505 0.063125 0.51125 0.059375 0.54875 0.061875 0.5775 0.0575 0.615 0.056875 0.6575 0.061875 0.70875 0.06 0.72375 0.060625 0.78 0.065625 0.9025 0.070625 0.91375 0.925 0.9075 0.93125 0.76125 0.92875 0.71 0.931875 0.70125 0.93375 0.6475 0.931875 0.595 0.93 0.59125 0.931875 0.5525 0.928125 0.525 0.933125 0.50875 0.93 0.4875 0.9325 0.4775 0.9325 0.455 0.9275 0.42125 0.933125 0.41125 0.92875 0.38375 0.9325 0.3725 0.931875 0.33875 0.93625 0.28625 0.93875 0.285 0.939375 0.275 0.92875 0.2475 0.91625 0.2325 0.898125 0.19875 0.8875 0.19 0.87125 0.18875 0.864375 0.17 0.865625 0.09875 0.861875 0.09 0.16625 0.08875 0.13625 0.09
1 0.12875 0.1 0.128125 0.42625 0.13125 0.43875 0.134375 0.44125 0.831875 0.44 0.859375 0.4375 0.861875 0.42875 0.864375 0.1125 0.86375 0.09875 0.859375 0.0925 0.815 0.08875 0.17 0.08875 0.13625 0.09
7 0.09 0.49875 0.08625 0.515 0.088125 0.525 0.091875 0.52875 0.090625 0.56375 0.09375 0.61125 0.890625 0.61625 0.896875 0.60875 0.899375 0.59875 0.899375 0.566875 0.904375 0.53125 0.901875 0.49 0.88 0.44875 0.869375 0.44 0.743125 0.445 0.15578125 0.445 0.12375 0.43875 0.1175 0.445
2 0.08625 0.6325 0.0875 0.65 0.085625 0.6575 0.089375 0.68 0.1325 0.68625 0.8875 0.68875 0.900625 0.68625 0.9075 0.6675 0.905 0.6575 0.908125 0.655 0.90375 0.6375 0.90375 0.61875 0.90125 0.615 0.09125 0.61125
2 0.055 0.25625 0.055 0.2825 0.060625 0.29125 0.0728125 0.29125 0.078125 0.30125 0.075 0.31 0.07875 0.31875 0.07625 0.32375 0.081875 0.33375 0.08625 0.29375 0.090625 0.28 0.126875 0.2275 0.129375 0.21375 0.12875 0.19625 0.126875 0.19125 0.100625 0.19375
4 0.05875 0.34 0.05875 0.35875 0.06375 0.3775 0.05875 0.39875 0.06375 0.42625 0.05875 0.455 0.059375 0.5625 0.061875 0.585 0.058125 0.6575 0.063125 0.865 0.066875 0.9075 0.0775 0.915 0.0825 0.905 0.085625 0.8625 0.085625 0.73625 0.088125 0.72375 0.085625 0.70375 0.08625 0.61 0.089375 0.60375 0.088125 0.285 0.06 0.28625 0.059375 0.29875 0.063125 0.32
4 0.104375 0.72375 0.105 0.78 0.11 0.7925 0.11875 0.7925 0.12125 0.78625 0.1225 0.765 0.1225 0.75125 0.12 0.74875 0.123125 0.7375 0.123125 0.69375 0.118125 0.69125 0.111875 0.69625 0.110625 0.715
4 0.10125 0.27125 0.10125 0.38875 0.103125 0.3975 0.10125 0.41125 0.105 0.43625 0.101875 0.45 0.101875 0.47125 0.125 0.4275 0.123125 0.3725 0.12375 0.3475 0.126875 0.33125 0.125 0.235 0.119375 0.23625 0.105 0.2575
4 0.483125 0.69 0.481875 0.75 0.48625 0.90125 0.490625 0.9125 0.50125 0.9125 0.50625 0.905 0.50875 0.86875 0.508125 0.81958375 0.513125 0.69375 0.509375 0.68875
4 0.866875 0.6925 0.868125 0.77875 0.8725 0.79 0.880625 0.79125 0.88625 0.775 0.88875 0.74 0.888125 0.695 0.885 0.69125
4 0.86625 0.23625 0.865625 0.42375 0.87 0.435 0.890625 0.46 0.891875 0.45 0.888125 0.42625 0.8925 0.41125 0.8925 0.32125 0.888125 0.3025 0.89125 0.27875 0.888125 0.2625 0.88125 0.25 0.8725 0.23625
4 0.90375 0.4625 0.9075 0.48625 0.905625 0.50375 0.908125 0.52125 0.903125 0.5625 0.90625 0.5925 0.904375 0.6 0.905625 0.6775 0.903125 0.72 0.905625 0.86625 0.9075 0.905 0.915625 0.91125 0.92625 0.90375 0.92875 0.86625 0.931875 0.755 0.93 0.705 0.933125 0.6725 0.934375 0.355 0.93125 0.2975 0.91125 0.31625 0.90625 0.34125
3 0.865625 0.1925 0.865625 0.22 0.868125 0.23 0.9075 0.295 0.931875 0.29625 0.939375 0.28625 0.93875 0.26375 0.89375 0.19125 0.869375 0.18875
6 0.055 0.25625 0.05375 0.2725 0.056875 0.285 0.060625 0.29 0.07875 0.28875 0.085 0.29875 0.09125 0.27875 0.126875 0.2275 0.129375 0.2125 0.128125 0.19375 0.1025 0.1925