1 0.26329509906152243 0.3301476976542137 0.8706986444212722 0.34969591659426585 0.9019812304483837 0.37141615986099047 0.8941605839416058 0.39096437880104257 0.8680917622523462 0.39748045178105995 0.8706986444212722 0.3649000868809731 0.7846715328467153 0.3540399652476108 0.7533889468196038 0.3540399652476108 0.6595411887382691 0.46915725456125107 0.3467153284671533 0.44960903562119897 0.32586027111574556 0.3779322328410078 0.31282586027111575 0.341007819287576
5 0.145985401459854 0.3518679409209383 0.29979144942648595 0.34317984361424847 0.31282586027111575 0.3996524761077324 0.33889468196037537 0.44526498696785405 0.17205422314911367 0.4669852302345786
5 0.7586027111574557 0.3583840139009557 0.8628779979144943 0.37141615986099047 0.8211678832116789 0.4126846220677672 0.7846715328467153 0.43440486533449174 0.7794577685088634 0.5082536924413553 0.6751824817518248 0.46481320590790615
7 0.33889468196037537 0.4539530842745439 0.6803962460896767 0.473501303214596 0.7872784150156413 0.5147697654213728 0.7846715328467153 0.5973066898349262 0.09384775808133472 0.5364900086880973 0.09645464025026068 0.4887054735013032 0.17466110531803963 0.46481320590790615
6 0.14337851929092804 0.37576020851433534 0.09645464025026068 0.39313640312771503 0.09384775808133472 0.4952215464813206 0.11470281543274244 0.48218940052128584 0.1616266944734098 0.4626411815812337
3 0.9202294056308655 0.3953084274543875 0.7924921793534933 0.4409209383145091 0.7961887382690302 0.5908027801911382 0.9164139728884254 0.537650738488271
4 0.0808133472367049 0.549522154648132 0.1173096976016684 0.5451781059947871 0.11209593326381648 0.6016507384882711 0.09384775808133472 0.6016507384882711
4 0.36496350364963503 0.573414422241529 0.40145985401459855 0.573414422241529 0.39363920750782067 0.5994787141615986 0.37799791449426484 0.5973066898349262
4 0.591762252346194 0.5907906168549087 0.6308654848800834 0.5973066898349262 0.6256517205422315 0.6277150304083405 0.5995828988529719 0.6277150304083405
4 0.7924921793534933 0.605994787141616 0.8289885297184567 0.5973066898349262 0.8263816475495308 0.6689834926151172 0.7950990615224192 0.6689834926151172
4 0.8941605839416058 0.5647263249348393 0.9176225234619395 0.5473501303214596 0.9228362877997914 0.6125108601216334 0.8941605839416058 0.610338835794961
2 0.09200938477580813 0.5315178105994788 0.07974139728884254 0.528451781059948 0.07974139728884254 0.5448053866203302 0.7949614181439 0.6092015638575152 0.8231783107403545 0.6000017376194613 0.9213211678832117 0.5468496959165943 0.9188675703858186 0.5386724587315378 0.8084567257559958 0.5908027801911382 0.7839207507820646 0.5948913987836664 0.11041084462982273 0.5386724587315378
0 0.09280500521376434 0.4144222415291051 0.09697601668404589 0.527367506516073 0.08133472367049009 0.5395308427454387 0.08446298227320125 0.5447437011294527 0.0948905109489051 0.5490877497827976 0.0948905109489051 0.5986099044309297 0.10114702815432743 0.6029539530842746 0.6047966631908238 0.6055603822762815 0.607924921793535 0.6220677671589921 0.6193952033368092 0.6211989574283232 0.62148070907195 0.5980886185925283 0.6319082377476538 0.5925282363162467 0.6611053180396246 0.5925282363162467 0.7914494264859229 0.6046915725456126 0.7987486965589156 0.6116420503909644 0.7987486965589156 0.6672458731537794 0.8050052137643379 0.6698523023457863 0.821689259645464 0.6672458731537794 0.8206465067778936 0.5986099044309297 0.8467153284671532 0.5821025195482189 0.8894681960375391 0.5629887054735013 0.8967674661105318 0.5728349261511728 0.8978102189781022 0.6116420503909644 0.9113660062565172 0.6142484795829714 0.9176225234619395 0.6099044309296264 0.9144942648592284 0.4126846220677672 0.9103232533889468 0.4005212858384014 0.9040667361835245 0.3979148566463944 0.8978102189781022 0.37098175499565594 0.8873826903023984 0.36142484795829716 0.8686131386861314 0.35447437011294525 0.2638164754953076 0.3301476976542137 0.25443169968717416 0.3336229365768897 0.2440041710114703 0.34578627280625546 0.14077163712200208 0.3483927019982624 0.13764337851929093 0.35534317984361424 0.15015641293013557 0.3788010425716768 0.10531803962460896 0.39009556907037357 0.09697601668404589 0.4005212858384014