5 0.2936197916666667 0.5045572916666666 0.2981770833333333 0.5221354166666666 0.2981770833333333 0.5787760416666666 0.2916666666666667 0.6041666666666666 0.3020833333333333 0.60546875 0.3125 0.6028645833333334 0.3463541666666667 0.6022135416666666 0.3932291666666667 0.6061197916666666 0.3938802083333333 0.6009114583333334 0.3893229166666667 0.5911458333333334 0.3873697916666667 0.568359375 0.384765625 0.5638020833333334 0.3873697916666667 0.55859375 0.3899739583333333 0.5247395833333334 0.3958333333333333 0.5013020833333334 0.390625 0.4993489583333333 0.36328125 0.5052083333333334 0.337890625 0.5065104166666666 0.2962239583333333 0.5
5 0.6087239583333334 0.5013020833333334 0.6145833333333334 0.533203125 0.615234375 0.572265625 0.6080729166666666 0.60546875 0.6158854166666666 0.607421875 0.6393229166666666 0.603515625 0.6640625 0.6028645833333334 0.6953125 0.6067708333333334 0.7096354166666666 0.6061197916666666 0.7109375 0.6015625 0.7005208333333334 0.5618489583333334 0.7096354166666666 0.501953125 0.7024739583333334 0.5 0.6803385416666666 0.5045572916666666 0.6490885416666666 0.5065104166666666 0.6126302083333334 0.4993489583333333
5 0.4518229166666667 0.5013020833333334 0.4576822916666667 0.5286458333333334 0.4576822916666667 0.5735677083333334 0.451171875 0.6061197916666666 0.5533854166666666 0.607421875 0.5579427083333334 0.60546875 0.55078125 0.5696614583333334 0.55078125 0.5481770833333334 0.5579427083333334 0.5052083333333334 0.556640625 0.5 0.5475260416666666 0.4993489583333333 0.5182291666666666 0.5045572916666666 0.47265625 0.5026041666666666 0.4563802083333333 0.4986979166666667
7 0.22526041666666666 0.64453125 0.224609375 0.6881510416666666 0.22786458333333334 0.6927083333333334 0.23307291666666666 0.6940104166666666 0.744140625 0.6946614583333334 0.76953125 0.6927083333333334 0.7727864583333334 0.689453125 0.7747395833333334 0.6783854166666666 0.7740885416666666 0.654296875 0.7669270833333334 0.6334635416666666 0.7350260416666666 0.6041666666666666 0.697265625 0.6100260416666666 0.6705729166666666 0.607421875 0.6106770833333334 0.6100260416666666 0.5963541666666666 0.6028645833333334 0.56640625 0.603515625 0.5572916666666666 0.6080729166666666 0.5475260416666666 0.6087239583333334 0.4759114583333333 0.607421875 0.4622395833333333 0.609375 0.4420572916666667 0.603515625 0.4212239583333333 0.6022135416666666 0.400390625 0.6048177083333334 0.3899739583333333 0.6100260416666666 0.3626302083333333 0.607421875 0.2981770833333333 0.609375 0.26953125 0.6041666666666666 0.2584635416666667 0.6067708333333334 0.24479166666666666 0.6184895833333334
2 0.2265625 0.6959635416666666 0.2265625 0.7408854166666666 0.234375 0.7434895833333334 0.3001302083333333 0.7415364583333334 0.7486979166666666 0.7428385416666666 0.767578125 0.7408854166666666 0.771484375 0.7259114583333334 0.7688802083333334 0.6953125
6 0.16927083333333334 0.6171875 0.17057291666666666 0.6692708333333334 0.17643229166666666 0.7037760416666666 0.18489583333333334 0.7330729166666666 0.1953125 0.744140625 0.220703125 0.7434895833333334 0.22395833333333334 0.7408854166666666 0.22526041666666666 0.7194010416666666 0.22265625 0.6458333333333334 0.2265625 0.634765625 0.2565104166666667 0.607421875 0.2604166666666667 0.5970052083333334 0.2623697916666667 0.5638020833333334 0.248046875 0.5403645833333334 0.24153645833333334 0.5397135416666666 0.228515625 0.5455729166666666 0.185546875 0.580078125 0.17317708333333334 0.595703125
3 0.7369791666666666 0.5651041666666666 0.7389322916666666 0.6009114583333334 0.7506510416666666 0.6165364583333334 0.7708333333333334 0.634765625 0.775390625 0.646484375 0.77734375 0.6605904947916666 0.7760416666666666 0.689453125 0.7786458333333334 0.69921875 0.7760416666666666 0.7096354166666666 0.7779947916666666 0.7356770833333334 0.775390625 0.7376302083333334 0.779296875 0.7421875 0.8033854166666666 0.7428385416666666 0.810546875 0.7369791666666666 0.8177083333333334 0.716796875 0.828125 0.666015625 0.8294270833333334 0.6126302083333334 0.82421875 0.5911458333333334 0.810546875 0.5755208333333334 0.7649739583333334 0.541015625 0.7532552083333334 0.5397135416666666 0.7506510416666666 0.546875 0.7421875 0.5553385416666666
1 0.263671875 0.4736328125 0.283203125 0.4654947916666667 0.732421875 0.46875 0.7405598958333334 0.4752604166666667 0.751953125 0.5403645833333334 0.7356770833333334 0.56640625 0.7356770833333334 0.6005859375 0.7161458333333334 0.60546875 0.703125 0.5550130208333334 0.712890625 0.4947916666666667 0.6705729166666666 0.5029296875 0.6315104166666666 0.5029296875 0.6119791666666666 0.4931640625 0.6022135416666666 0.4931640625 0.6136067708333334 0.5338541666666666 0.6119791666666666 0.5745442708333334 0.6070963541666666 0.6038411458333334 0.556640625 0.6038411458333334 0.5533854166666666 0.5582682291666666 0.5631510416666666 0.498046875 0.52734375 0.5013020833333334 0.4736328125 0.5013020833333334 0.4475911458333333 0.4964192708333333 0.4573567708333333 0.5436197916666666 0.4508463541666667 0.60546875 0.3938802083333333 0.6022135416666666 0.3873697916666667 0.5436197916666666 0.3987630208333333 0.4964192708333333 0.3597005208333333 0.5061848958333334 0.29296875 0.4964192708333333 0.2994791666666667 0.5436197916666666 0.2913411458333333 0.60546875 0.2620442708333333 0.6038411458333334 0.263671875 0.5501302083333334 0.2506510416666667 0.5387369791666666
4 0.7727864583333334 0.74609375 0.7779947916666666 0.76171875 0.79296875 0.7630208333333334 0.7994791666666666 0.7584635416666666 0.802734375 0.744140625 0.7747395833333334 0.744140625
4 0.19466145833333334 0.744140625 0.19986979166666666 0.7623697916666666 0.21354166666666666 0.763671875 0.22265625 0.7604166666666666 0.2265625 0.7486979166666666 0.224609375 0.744140625
0 0.169921875 0.6158854166666666 0.169921875 0.6634114583333334 0.17513020833333334 0.7024739583333334 0.18489583333333334 0.734375 0.189453125 0.7415364583333334 0.19466145833333334 0.7434895833333334 0.19921875 0.7584635416666666 0.212890625 0.76171875 0.22330729166666666 0.7584635416666666 0.22786458333333334 0.7434895833333334 0.2845052083333333 0.7421875 0.7604166666666666 0.744140625 0.7721354166666666 0.7454427083333334 0.779296875 0.7604166666666666 0.7916666666666666 0.76171875 0.7981770833333334 0.7584635416666666 0.802734375 0.7434895833333334 0.80859375 0.740234375 0.8131510416666666 0.73046875 0.8216145833333334 0.703125 0.828125 0.66796875 0.8294270833333334 0.6165364583333334 0.8248697916666666 0.5930989583333334 0.8092447916666666 0.5748697916666666 0.8033854166666666 0.5729166666666666 0.7721354166666666 0.5462239583333334 0.7506510416666666 0.5403645833333334 0.7447916666666666 0.4954427083333333 0.73828125 0.474609375 0.7337239583333334 0.470703125 0.7102864583333334 0.4674479166666667 0.48828125 0.46875 0.34765625 0.466796875 0.2721354166666667 0.4700520833333333 0.2623697916666667 0.4765625 0.2584635416666667 0.4876302083333333 0.24934895833333334 0.541015625 0.23893229166666666 0.5416666666666666 0.22721354166666666 0.546875 0.18359375 0.5807291666666666 0.171875 0.6009114583333334