5 0.5897858319604613 0.47364085667215816 0.5873146622734761 0.48105436573311366 0.6062602965403624 0.5513451400329489 0.6087314662273476 0.5889621087314663 0.6177924217462932 0.5906095551894563 0.6400329489291599 0.585667215815486 0.7026359143327842 0.5815485996705108 0.7215815485996705 0.5766062602965404 0.7100494233937397 0.471169686985173 0.7067545304777595 0.46210873146622733 0.6013179571663921 0.46787479406919275
5 0.2413509060955519 0.4942339373970346 0.2397034596375618 0.5016474464579901 0.25370675453047775 0.5774299835255354 0.33525535420098845 0.5939044481054365 0.3418451400329489 0.6186161449752883 0.37067545304777594 0.6169686985172982 0.38879736408566723 0.6079077429983526 0.38138385502471167 0.556836902800659 0.3772652388797364 0.49341021416803954 0.37397034596375617 0.48599670510708404
5 0.4258649093904448 0.4818780889621087 0.43739703459637563 0.5527182866556837 0.4382207578253707 0.5963756177924218 0.44233937397034595 0.6054365733113674 0.556013179571664 0.5971993410214168 0.5626029654036244 0.5939044481054365 0.5494233937397035 0.47364085667215816
0 0.11449752883031301 0.4827018121911038 0.11779242174629324 0.7347611202635914 0.12767710049423395 0.7751235584843492 0.12685337726523888 0.7841845140032949 0.14497528830313014 0.7957166392092258 0.1515650741350906 0.8196046128500823 0.3031301482701812 0.8747940691927513 0.3187808896210873 0.8739703459637562 0.3245469522240527 0.8706754530477759 0.32537067545304776 0.8509060955518946 0.328665568369028 0.8467874794069192 0.4514003294892916 0.8228995057660626 0.47611202635914335 0.8212520593080724 0.7397034596375618 0.7751235584843492 0.8467874794069192 0.7594728171334432 0.8607907742998353 0.7594728171334432 0.8747940691927513 0.771828665568369 0.8970345963756178 0.7726523887973641 0.9011532125205931 0.7504118616144976 0.9085667215815486 0.7487644151565074 0.9118616144975288 0.7446457990115322 0.914332784184514 0.5403624382207578 0.8846787479406919 0.5354200988467874 0.8789126853377265 0.5387149917627677 0.85667215815486 0.5313014827018122 0.735996705107084 0.515650741350906 0.7240527182866557 0.5090609555189456 0.7232289950576606 0.48352553542009885 0.7207578253706755 0.4802306425041186 0.7232289950576606 0.45799011532125206 0.7174629324546952 0.43492586490939045 0.714168039538715 0.43245469522240526 0.6647446457990115 0.4316309719934102 0.19439868204283361 0.4612850082372323 0.1771004942339374 0.46540362438220756 0.18039538714991762 0.4785831960461285 0.17380560131795716 0.4818780889621087 0.17051070840197693 0.4785831960461285 0.16062602965403625 0.4785831960461285
1 0.17462932454695224 0.46622734761120266 0.17462932454695224 0.5535420098846787 0.18451400329489293 0.5634266886326195 0.23805601317957167 0.5741350906095551 0.24629324546952225 0.5741350906095551 0.24958813838550248 0.5675453047775947 0.23805601317957167 0.49917627677100496 0.2397034596375618 0.49341021416803954 0.3731466227347611 0.4843492586490939 0.37891268533772654 0.5 0.38797364085667213 0.5939044481054365 0.39373970345963755 0.6062602965403624 0.43739703459637563 0.6029654036243822 0.43739703459637563 0.5658978583196046 0.4341021416803954 0.5321252059308073 0.4242174629324547 0.48517298187808894 0.4258649093904448 0.4802306425041186 0.5469522240527183 0.471993410214168 0.5527182866556837 0.48352553542009885 0.5551894563426688 0.5247116968698518 0.5609555189456342 0.5296540362438221 0.5593080724876441 0.5461285008237232 0.5626029654036244 0.57166392092257 0.57166392092257 0.5881383855024712 0.5955518945634267 0.585667215815486 0.6054365733113674 0.5807248764415156 0.6021416803953872 0.5197693574958814 0.5930807248764415 0.47528830313014825 0.5955518945634267 0.4670510708401977 0.6367380560131796 0.4670510708401977 0.6647446457990115 0.46210873146622733 0.7051070840197694 0.46046128500823724 0.7108731466227347 0.4686985172981878 0.7166392092257001 0.514003294892916 0.7182866556836903 0.5107084019769358 0.7182866556836903 0.4382207578253707 0.7158154859967051 0.4332784184514003 0.7067545304777595 0.4316309719934102 0.6606260296540363 0.4316309719934102 0.18204283360790774 0.46210873146622733
6 0.12685337726523888 0.570840197693575 0.12602965403624383 0.5782537067545305 0.1326194398682043 0.5939044481054365 0.1326194398682043 0.6227347611202636 0.12767710049423395 0.6326194398682042 0.13097199341021418 0.658154859967051 0.128500823723229 0.7364085667215815 0.12602965403624383 0.7413509060955519 0.1301482701812191 0.7487644151565074 0.128500823723229 0.7520593080724877 0.13591433278418452 0.7891268533772653 0.17545304777594728 0.8072487644151565 0.1812191103789127 0.8064250411861614 0.20593080724876442 0.8163097199341022 0.22075782537067545 0.8163097199341022 0.2413509060955519 0.8311367380560132 0.2742998352553542 0.8319604612850082 0.2883031301482702 0.8369028006589786 0.3113673805601318 0.8401976935749588 0.31795716639209226 0.8467874794069192 0.3163097199341021 0.8434925864909391 0.32948929159802304 0.8401976935749588 0.32537067545304776 0.8451400329489291 0.33772652388797364 0.841845140032949 0.3393739703459638 0.8319604612850082 0.33607907742998355 0.5988467874794069 0.18616144975288304 0.5658978583196046 0.1400329489291598 0.5642504118616145
3 0.7215815485996705 0.514827018121911 0.7240527182866557 0.5337726523887973 0.7215815485996705 0.5387149917627677 0.7224052718286655 0.5601317957166392 0.728995057660626 0.5741350906095551 0.8739703459637562 0.5988467874794069 0.8789126853377265 0.6144975288303131 0.8764415156507414 0.6474464579901154 0.8813838550247117 0.6499176276771005 0.8855024711696869 0.6639209225700164 0.8822075782537068 0.6729818780889621 0.8780889621087314 0.6746293245469522 0.8797364085667215 0.6812191103789127 0.8756177924217463 0.6878088962108732 0.8747940691927513 0.7380560131795717 0.8838550247116969 0.7520593080724877 0.9110378912685337 0.7462932454695222 0.9151565074135091 0.5411861614497528 0.8360790774299836 0.5271828665568369 0.7257001647446458 0.5123558484349259
2 0.3385502471169687 0.7372322899505767 0.3344316309719934 0.842668863261944 0.657331136738056 0.7899505766062603 0.6968698517298187 0.7825370675453048 0.6976935749588138 0.7800658978583196 0.71334431630972 0.7800658978583196 0.7948929159802306 0.7668863261943987 0.8451400329489291 0.7627677100494233 0.8657331136738056 0.757001647446458 0.871499176276771 0.7528830313014827 0.8879736408566722 0.7528830313014827 0.8904448105436573 0.7413509060955519 0.8953871499176277 0.7380560131795717 0.8896210873146623 0.7364085667215815 0.8887973640856672 0.7322899505766063 0.8887973640856672 0.6630971993410214 0.886326194398682 0.6499176276771005 0.37397034596375617 0.7191103789126854 0.3467874794069193 0.7240527182866557 0.3418451400329489 0.7273476112026359
4 0.15074135090609556 0.799835255354201 0.14827018121911037 0.8154859967051071 0.15403624382207579 0.8212520593080724 0.2957166392092257 0.8731466227347611 0.31960461285008235 0.8739703459637562 0.32537067545304776 0.8690280065897859 0.3245469522240527 0.8484349258649094 0.29736408566721584 0.8500823723228995 0.24464579901153213 0.8303130148270181 0.23064250411861614 0.8278418451400329 0.21746293245469522 0.8204283360790774 0.1985172981878089 0.8171334431630972
4 0.8558484349258649 0.7611202635914333 0.8624382207578254 0.7685337726523888 0.8789126853377265 0.7742998352553542 0.8937397034596376 0.7742998352553542 0.899505766062603 0.771004942339374 0.8970345963756178 0.7553542009884678 0.8855024711696869 0.7545304777594728
1 0.11367380560131796 0.48352553542009885 0.11696869851729819 0.7322899505766063 0.12602965403624383 0.7825370675453048 0.13344316309719934 0.7891268533772653 0.13591433278418452 0.7677100494233937 0.1326194398682043 0.6894563426688632 0.13591433278418452 0.6820428336079077 0.13591433278418452 0.657331136738056 0.13097199341021418 0.6408566721581549 0.1342668863261944 0.6128500823723229 0.13179571663920922 0.6103789126853377 0.12932454695222406 0.5691927512355849 0.1387973640856672 0.5634266886326195 0.17215815485996705 0.5609555189456342 0.17215815485996705 0.48105436573311366 0.16062602965403625 0.47775947281713343