1 0.204 0.3408541498791297 0.20333333333333334 0.3698630136986301 0.20666666666666667 0.42707493956486703 0.20933333333333334 0.4383561643835616 0.30733333333333335 0.46333601933924257 0.312 0.46978243352135374 0.31133333333333335 0.5012087026591459 0.314 0.5189363416599516 0.6793333333333333 0.48831587429492346 0.6873333333333334 0.48589846897663175 0.6913333333333334 0.48106365834004833 0.69 0.4238517324738114 0.682 0.31909750201450443 0.676 0.3150684931506849 0.22933333333333333 0.3311845286059629 0.212 0.33440773569701854
7 0.31266666666666665 0.5245769540692989 0.31266666666666665 0.6051571313456889 0.31333333333333335 0.6124093473005641 0.31733333333333336 0.6164383561643836 0.7893333333333333 0.564867042707494 0.7946666666666666 0.5624496373892023 0.798 0.547945205479452 0.798 0.5245769540692989 0.7933333333333333 0.5149073327961321 0.68 0.49153908138597907 0.5933333333333334 0.49717969379532634 0.5633333333333334 0.5028203062046737 0.5253333333333333 0.5028203062046737 0.406 0.5165189363416599 0.382 0.5141015310233682 0.31866666666666665 0.5213537469782433
1 0.22314066666666668 0.46580016116035455 0.2398326666666667 0.4989798549556809 0.25857399999999997 0.4770225624496374
1 0.26033066666666665 0.5227074939564866 0.26999466666666666 0.5255406929895245 0.2702873333333333 0.5138541498791297
7 0.25564533333333334 0.5289798549556809 0.2708726666666667 0.5283738920225625 0.2708726666666667 0.5960161160354552 0.2626733333333333 0.5839750201450443
7 0.22929 0.5567058823529412 0.2181626666666667 0.5655592264302982 0.2181626666666667 0.5754754230459307 0.2483246666666667 0.5882248186946011
4 0.16733333333333333 0.44157937147461723 0.16866666666666666 0.6712328767123288 0.176 0.6744560838033844 0.20333333333333334 0.6704270749395649 0.204 0.6180499597099114 0.208 0.613215149073328 0.22333333333333333 0.6180499597099114 0.27266666666666667 0.6406124093473006 0.2733333333333333 0.7066881547139404 0.276 0.7252215954875101 0.312 0.7211925866236906 0.312 0.6567284448025785 0.314 0.6478646253021757 0.30933333333333335 0.467365028203062 0.246 0.44963738920225627 0.234 0.44883158742949236 0.20666666666666667 0.4391619661563255
4 0.6906666666666667 0.4101531023368251 0.6933333333333334 0.44883158742949236 0.7193333333333334 0.4802578565672844 0.7193333333333334 0.48428686543110394 0.7126666666666667 0.49073327961321517 0.7133333333333334 0.4939564867042707 0.7253333333333334 0.49153908138597907 0.73 0.492344883158743 0.7333333333333333 0.49798549556809024 0.7446666666666667 0.5012087026591459 0.7586666666666667 0.49959709911361805 0.7646666666666667 0.5044319097502015 0.7753333333333333 0.5068493150684932 0.796 0.5060435132957293 0.7986666666666666 0.5278001611603546 0.7993333333333333 0.5834004834810637 0.7953333333333333 0.5979049153908138 0.794 0.6510878323932313 0.7986666666666666 0.6551168412570507 0.8233333333333334 0.6518936341659952 0.826 0.6244963738920226 0.828 0.43029814665592264 0.8173333333333334 0.4262691377921031 0.7233333333333334 0.4117647058823529
3 0.6906666666666667 0.40934730056406127 0.6926666666666667 0.4246575342465753 0.732 0.42788074133763093 0.7966666666666666 0.4399677679290894 0.8173333333333334 0.43352135374697826 0.8233333333333334 0.42868654311039484 0.786 0.42062852538275586
6 0.168 0.44077356970185333 0.168 0.45044319097502017 0.2613333333333333 0.47622884770346496 0.2806666666666667 0.46817082997582593 0.30933333333333335 0.47139403706688154 0.30866666666666664 0.4665592264302981 0.30533333333333335 0.4649476228847704 0.20733333333333334 0.4391619661563255
6 0.4167666666666667 0.6373730862207897 0.003766666666666667 0.000346494762288477
2 0.31266666666666665 0.6204673650282031 0.31266666666666665 0.6502820306204674 0.32066666666666666 0.6518936341659952 0.7893333333333333 0.5954875100725222 0.7966666666666666 0.5938759065269944 0.7993333333333333 0.5688960515713135 0.7953333333333333 0.564867042707494 0.6473333333333333 0.5793714746172441 0.318 0.6164383561643836
4 0.6593333333333333 0.6107977437550363 0.66 0.6156325543916197 0.6646666666666666 0.6164383561643836 0.6866666666666666 0.613215149073328 0.688 0.6091861402095085 0.678 0.6075745366639806
0 0.166 0.44319097502014504 0.16933333333333334 0.6720386784850927 0.176 0.6744560838033844 0.204 0.669621273166801 0.20333333333333334 0.620870265914585 0.206 0.613215149073328 0.26466666666666666 0.636583400483481 0.27266666666666667 0.6430298146655923 0.2733333333333333 0.7099113618049959 0.276 0.7252215954875101 0.30733333333333335 0.7228041901692184 0.31266666666666665 0.7195809830781628 0.312 0.6567284448025785 0.31666666666666665 0.6510878323932313 0.6393333333333333 0.6124093473005641 0.656 0.6116035455278002 0.6613333333333333 0.6156325543916197 0.6826666666666666 0.6140209508460919 0.6913333333333334 0.6059629331184528 0.7886666666666666 0.5946817082997583 0.7946666666666666 0.5979049153908138 0.7946666666666666 0.6535052377115229 0.8046666666666666 0.6551168412570507 0.8213333333333334 0.6526994359387591 0.8246666666666667 0.6494762288477035 0.8273333333333334 0.43029814665592264 0.7833333333333333 0.42062852538275586 0.6966666666666667 0.40934730056406127 0.688 0.40451248992747785 0.6826666666666666 0.32151490733279614 0.682 0.3174858984689766 0.6766666666666666 0.314262691377921 0.21866666666666668 0.33199033037872683 0.20466666666666666 0.33763094278807415 0.19933333333333333 0.35132957292506045 0.198 0.36663980660757456 0.202 0.42788074133763093 0.197 0.4391619661563255 0.174 0.4399677679290894