1 0.2737226277372263 0.33883579496090355 0.8915537017726799 0.3649000868809731 0.9071949947862357 0.37576020851433534 0.881126173096976 0.4409209383145091 0.8472367049009385 0.43440486533449174 0.8498435870698644 0.4126846220677672 0.7116788321167883 0.4192006950477845 0.6934306569343066 0.47132927888792353 0.2659019812304484 0.4430929626411816 0.26329509906152243 0.3844483058210252
5 0.24504692387904067 0.3822762814943527 0.1173096976016684 0.3996524761077324 0.13816475495307612 0.4669852302345786 0.26329509906152243 0.44526498696785405
5 0.8342022940563086 0.41702867072111205 0.7090719499478624 0.42788879235447436 0.7064650677789364 0.5082536924413553 0.7403545359749739 0.5039096437880104 0.7455683003128258 0.46481320590790615 0.8446298227320125 0.43874891398783666
7 0.27632950990615224 0.4474370112945265 0.6986444212721585 0.47567332754126845 0.6986444212721585 0.5212858384013901 0.7403545359749739 0.5125977410947002 0.7455683003128258 0.5755864465682016 0.10688216892596454 0.5212858384013901 0.10948905109489052 0.4800173761946134 0.14337851929092804 0.46915725456125107
6 0.11470281543274244 0.41702867072111205 0.08342022940563086 0.41702867072111205 0.08342022940563086 0.553866203301477 0.11209593326381648 0.553866203301477 0.10948905109489052 0.473501303214596 0.1329509906152242 0.45612510860121636
3 0.9071949947862357 0.4409209383145091 0.8576642335766423 0.43874891398783666 0.7507820646506778 0.4626411815812337 0.7507820646506778 0.610338835794961 0.7794577685088634 0.6125108601216334 0.9228362877997914 0.577758470894874
2 0.1173096976016684 0.5234578627280626 0.7429614181438999 0.5821025195482189 0.7429614181438999 0.6081668114682884 0.11209593326381648 0.553866203301477
4 0.14337851929092804 0.5603822762814944 0.16423357664233576 0.5603822762814944 0.1616266944734098 0.605994787141616 0.13555787278415016 0.6016507384882711
4 0.2659019812304484 0.5690703735881842 0.29718456725756 0.5690703735881842 0.28936392075078204 0.5864465682015638 0.26329509906152243 0.5886185925282363
4 0.5318039624608968 0.5907906168549087 0.5526590198123045 0.5929626411815813 0.5526590198123045 0.6125108601216334 0.5291970802919708 0.610338835794961
4 0.7168925964546402 0.6146828844483058 0.735140771637122 0.6146828844483058 0.735140771637122 0.6602953953084274 0.7194994786235662 0.6602953953084274
4 0.8368091762252347 0.605994787141616 0.8602711157455682 0.5994787141615986 0.8550573514077163 0.634231103388358 0.8315954118873827 0.6364031277150304
0 0.08342022940563086 0.42137271937445697 0.08342022940563086 0.5473501303214596 0.0886339937434828 0.5508253692441355 0.1397288842544317 0.5551694178974804 0.1470281543274244 0.5631815812337098 0.1470281543274244 0.5994787141615986 0.15015641293013557 0.6020851433536055 0.15745568300312826 0.6012163336229366 0.15849843587069865 0.5699391833188532 0.16684045881126172 0.5577758470894874 0.26764025026068816 0.5664639443961772 0.2805005213764338 0.5699391833188532 0.28258602711157454 0.578627280625543 0.28988529718456724 0.577758470894874 0.28988529718456724 0.5708079930495221 0.29718456725756 0.5682015638575152 0.5328467153284672 0.5907906168549087 0.5359749739311783 0.6046915725456126 0.5422314911366006 0.6046915725456126 0.5526590198123045 0.5925282363162467 0.6496350364963503 0.6012163336229366 0.7163712200208551 0.6090356211989574 0.7194994786235662 0.6125108601216334 0.7194994786235662 0.6585577758470895 0.7257559958289885 0.6611642050390965 0.7309697601668405 0.6568201563857515 0.7320125130344108 0.6181581233709817 0.835245046923879 0.6138140747176368 0.8362877997914494 0.629887054735013 0.8446298227320125 0.629887054735013 0.8467153284671532 0.6024326672458732 0.8508863399374348 0.5942658557775847 0.9051094890510949 0.582971329278888 0.9165797705943691 0.5760208514335361 0.9186652763295099 0.4526498696785404 0.9144942648592284 0.4413553431798436 0.8915537017726799 0.43353605560382275 0.9009384775808134 0.3796698523023458 0.8967674661105318 0.37271937445699393 0.8852971845672576 0.365768896611642 0.278415015641293 0.33883579496090355 0.2669447340980188 0.34404865334491747 0.2575599582898853 0.37445699391833187 0.2523461939520334 0.3796698523023458 0.2440041710114703 0.37706342311033886 0.22002085505735142 0.3822762814943527 0.11887382690302398 0.39270199826238056 0.11574556830031282 0.3935708079930495 0.11783107403545359 0.40573414422241527 0.10740354535974973 0.4152910512597741