5 0.17333333333333334 0.47 0.16666666666666666 0.54 0.18 0.62 0.37666666666666665 0.6166666666666667 0.37 0.46
5 0.41 0.4633333333333333 0.41333333333333333 0.5533333333333333 0.4 0.6166666666666667 0.6033333333333334 0.6166666666666667 0.59 0.5333333333333333 0.5966666666666667 0.4633333333333333 0.5066666666666667 0.47333333333333333
5 0.63 0.46 0.64 0.5133333333333333 0.6233333333333333 0.6166666666666667 0.8233333333333334 0.6133333333333333 0.82 0.5633333333333334 0.84 0.5266666666666666 0.8133333333333334 0.47333333333333333 0.6966666666666667 0.47333333333333333
6 0.056666666666666664 0.57 0.05333333333333334 0.84 0.10333333333333333 0.85 0.11333333333333333 0.8 0.10666666666666667 0.7 0.12 0.66 0.15333333333333332 0.6266666666666667 0.15333333333333332 0.5333333333333333 0.11666666666666667 0.5333333333333333
3 0.85 0.5366666666666666 0.85 0.6233333333333333 0.8833333333333333 0.6566666666666666 0.89 0.702 0.8933333333333333 0.84 0.94 0.8466666666666667 0.95 0.83 0.95 0.5766666666666667 0.8866666666666667 0.5333333333333333
7 0.11666666666666667 0.67 0.11666666666666667 0.72 0.13 0.73 0.8766666666666667 0.7266666666666667 0.8866666666666667 0.7166666666666667 0.8833333333333333 0.6666666666666666 0.84 0.63 0.17333333333333334 0.6266666666666667
2 0.12333333333333334 0.74 0.11666666666666667 0.8333333333333334 0.12666666666666668 0.85 0.8866666666666667 0.8433333333333334 0.8833333333333333 0.75 0.8733333333333333 0.74
4 0.06666666666666667 0.8533333333333334 0.07 0.8766666666666667 0.10333333333333333 0.8733333333333333 0.10333333333333333 0.8533333333333334
4 0.9366666666666666 0.8533333333333334 0.8966666666666666 0.8533333333333334 0.9 0.8733333333333333 0.9333333333333333 0.8766666666666667
1 0.85165 0.6129666666666667 0.8252433333333333 0.61838 0.84251 0.51992 0.84251 0.51992 0.8079766666666667 0.4691666666666667 0.6363266666666667 0.4600333333333333 0.6373433333333334 0.6072133333333333 0.60484 0.6112733333333333 0.5967133333333333 0.46409333333333336 0.41084333333333334 0.4651066666666667 0.40373333333333333 0.6173633333333334 0.40373333333333333 0.6173633333333334 0.37326333333333334 0.6173633333333334 0.37529666666666667 0.4691666666666667 0.17216 0.47018333333333334 0.1894266666666667 0.4468366666666666 0.8293066666666666 0.44379
0 0.05333333333333334 0.5733333333333334 0.05 0.8433333333333334 0.07 0.8766666666666667 0.09666666666666666 0.8766666666666667 0.12 0.8533333333333334 0.6766666666666666 0.85 0.8733333333333333 0.85 0.9266666666666666 0.8766666666666667 0.95 0.8466666666666667 0.95 0.58 0.89 0.5333333333333333 0.8633333333333333 0.53 0.82 0.44666666666666666 0.18666666666666668 0.44666666666666666 0.14 0.53 0.11333333333333333 0.5333333333333333