5 0.12763917525773197 0.27736818851251843 0.36327982326951397 0.26018703976435936 0.4074624447717231 0.4737363770250368 0.3019145802650957 0.4884639175257732 0.299459499263623 0.42218998527245943 0.14236671575846835 0.38291605301914583
5 0.3706435935198822 0.25282326951399114 0.5768291605301914 0.24054933726067745 0.6013740795287188 0.4270986745213549 0.42218998527245943 0.4516450662739322
5 0.5964653902798233 0.24300441826215022 0.7412857142857143 0.2307319587628866 0.753559646539028 0.4000986745213549 0.6013740795287188 0.417279823269514
7 0.31173343151693667 0.5007363770250368 0.790378497790869 0.4050073637702504 0.9302901325478645 0.4663726067746686 0.9278350515463918 0.5154639175257731 0.30682326951399114 0.6332842415316642 0.3043696612665685 0.5817378497790869
2 0.31173343151693667 0.6504668630338734 0.9204712812960235 0.5203726067746687 0.9131075110456554 0.608737849779087 0.3190972017673049 0.7437407952871871
1 0.10063770250368188 0.3755522827687776 0.09572901325478646 0.3362783505154639 0.1251840942562592 0.32891458026509574 0.1325478645066274 0.37800736377025035
6 0.09818409425625921 0.3755522827687776 0.014727540500736377 0.390279823269514 0.034363770250368186 0.6504668630338734 0.21354933726067746 0.770740795287187 0.31418703976435935 0.7560132547864507 0.299459499263623 0.4467349042709868
3 0.753559646539028 0.3190972017673049 0.979381443298969 0.3559160530191458 0.9695625920471281 0.598920471281296 0.9204712812960235 0.5964653902798233 0.9327437407952871 0.4565537555228277 0.7682871870397644 0.390279823269514
4 0.08345655375552283 0.689739322533137 0.046637702503681884 0.652920471281296 0.044182621502209134 0.6946494845360824 0.09082032400589102 0.7093770250368188
4 0.2184580265095729 0.780559646539028 0.2896421207658321 0.7633770250368188 0.27982326951399117 0.8001958762886597 0.2380957290132548 0.8051060382916053
4 0.9621988217967599 0.6038291605301914 0.9106524300441826 0.6038291605301914 0.9106524300441826 0.6332842415316642 0.9523814432989691 0.625920471281296
0 0.01914580265095729 0.3946980854197349 0.035346097201767304 0.6450662739322534 0.050073637702503684 0.658321060382916 0.05891016200294551 0.6848306332842415 0.0662739322533137 0.6892488954344624 0.09278350515463918 0.6863033873343152 0.17673048600883653 0.7393225331369662 0.2106038291605302 0.7643593519882179 0.21796759941089838 0.7893961708394698 0.23564064801178203 0.8026509572901326 0.27393225331369664 0.7938144329896907 0.28276877761413843 0.7628865979381443 0.32106038291605304 0.7452135493372607 0.8880706921944035 0.6097201767304861 0.9027982326951399 0.6244477172312224 0.9248895434462445 0.6303387334315169 0.9425625920471281 0.625920471281296 0.9499263622974963 0.6038291605301914 0.9661266568483063 0.5949926362297496 0.9823269513991163 0.3637702503681885 0.9587628865979382 0.35198821796759944 0.780559646539028 0.3240058910162003 0.7496318114874816 0.30338733431516934 0.7466863033873343 0.2547864506627393 0.7363770250368189 0.23564064801178203 0.3799705449189985 0.2547864506627393 0.3637702503681885 0.2606774668630339 0.3225331369661267 0.25920471281296026 0.2665684830633284 0.26804123711340205 0.14580265095729014 0.2695139911634757 0.12223858615611193 0.27540500736377027 0.1134020618556701 0.28424153166421207 0.11782032400589101 0.32547864506627394 0.09572901325478646 0.33578792341678937 0.09572901325478646 0.37260677466863035 0.08100147275405008 0.38144329896907214 0.029455081001472753 0.3858615611192931