1 0.3019145802650957 0.3490427098674521 0.30338733431516934 0.3593519882179676 0.3807069219440353 0.35346097201767307 0.38880706921944036 0.38144329896907214 0.3858615611192931 0.46686303387334316 0.42415316642120765 0.47717231222385864 0.5110456553755522 0.4845360824742268 0.5360824742268041 0.48306332842415317 0.5331369661266568 0.4698085419734904 0.5493372606774669 0.40353460972017674 0.5684830633284241 0.3755522827687776 0.6200294550810015 0.3755522827687776 0.625920471281296 0.38144329896907214 0.6435935198821797 0.36082474226804123 0.7054491899852725 0.37260677466863035 0.7039764359351989 0.42857142857142855 0.7776141384388807 0.43004418262150224 0.7908689248895434 0.43593519882179677 0.8070692194403535 0.4565537555228277 0.8173784977908689 0.4329896907216495 0.8217967599410898 0.3873343151693667 0.8350515463917526 0.35346097201767307 0.8306332842415317 0.34167893961708395 0.8055964653902798 0.3269513991163476 0.7555228276877761 0.3166421207658321 0.4182621502209131 0.3136966126656848 0.3387334315169367 0.3166421207658321 0.3240058910162003 0.3240058910162003
5 0.2606774668630339 0.36229749631811486 0.2606774668630339 0.4727540500736377 0.38144329896907214 0.4683357879234168 0.3858615611192931 0.3549337260677467
5 0.5390279823269514 0.45508100147275404 0.5375552282768777 0.4742268041237113 0.5434462444771723 0.49189985272459497 0.5625920471281296 0.49189985272459497 0.5699558173784978 0.4992636229749632 0.5832106038291606 0.49337260677466865 0.5949926362297496 0.47569955817378495 0.6170839469808542 0.406480117820324 0.6185567010309279 0.3799705449189985 0.614138438880707 0.37260677466863035 0.5994108983799705 0.3755522827687776 0.5832106038291606 0.36818851251840945 0.5699558173784978 0.3784977908689249 0.5522827687776142 0.40942562592047127
5 0.5979381443298969 0.47128129602356406 0.5979381443298969 0.49337260677466865 0.6156111929307806 0.49337260677466865 0.6318114874815906 0.45508100147275404 0.6936671575846833 0.43151693667157587 0.7039764359351989 0.374079528718704 0.6435935198821797 0.3637702503681885 0.6244477172312224 0.38880706921944036
6 0.13549337260677466 0.49042709867452133 0.13402061855670103 0.5316642120765832 0.13991163475699558 0.5714285714285714 0.14580265095729014 0.5876288659793815 0.16053019145802652 0.593519882179676 0.16494845360824742 0.5920471281296024 0.1634756995581738 0.5213549337260678 0.17525773195876287 0.49337260677466865 0.24889543446244478 0.47717231222385864 0.25773195876288657 0.4580265095729013 0.25920471281296026 0.40353460972017674 0.21354933726067746 0.4020618556701031 0.15758468335787923 0.4108983799705449 0.1561119293078056 0.43151693667157587 0.14727540500736377 0.44035346097201766
6 0.6200294550810015 0.4948453608247423 0.6200294550810015 0.524300441826215 0.6303387334315169 0.5110456553755522 0.6539027982326951 0.5007363770250368 0.6656848306332842 0.508100147275405 0.6656848306332842 0.6023564064801178 0.6597938144329897 0.614138438880707 0.6656848306332842 0.6509572901325479 0.6597938144329897 0.6715758468335787 0.6892488954344624 0.6715758468335787 0.7893961708394698 0.6377025036818851 0.8026509572901326 0.6244477172312224 0.8306332842415317 0.6229749631811488 0.8409425625920471 0.5537555228276878 0.845360824742268 0.46686303387334316 0.8379970544918999 0.36671575846833576 0.8306332842415317 0.36818851251840945 0.812960235640648 0.406480117820324 0.8144329896907216 0.4418262150220913 0.7997054491899853 0.4565537555228277 0.7849779086892489 0.43593519882179677 0.759941089837997 0.42857142857142855 0.6995581737849779 0.4329896907216495 0.6391752577319587 0.4521354933726068 0.6303387334315169 0.46244477172312226
3 0.6185567010309279 0.49189985272459497 0.6229749631811488 0.6391752577319587 0.625920471281296 0.6612665684830633 0.6332842415316642 0.6715758468335787 0.678939617083947 0.6745213549337261 0.8306332842415317 0.6229749631811488 0.8438880706921944 0.4963181148748159 0.8438880706921944 0.40942562592047127 0.8379970544918999 0.36671575846833576 0.8262150220913107 0.38144329896907214 0.812960235640648 0.4491899852724595 0.7628865979381443 0.43004418262150224 0.6921944035346097 0.43446244477172313 0.6391752577319587 0.4521354933726068 0.6273932253313697 0.4639175257731959
7 0.16936671575846834 0.5036818851251841 0.16642120765832105 0.5390279823269514 0.17525773195876287 0.5434462444771723 0.5036818851251841 0.5846833578792342 0.6008836524300442 0.6023564064801178 0.6156111929307806 0.6023564064801178 0.6185567010309279 0.5949926362297496 0.6126656848306333 0.508100147275405 0.572901325478645 0.5051546391752577 0.5228276877761414 0.48748159057437407 0.390279823269514 0.47569955817378495 0.2665684830633284 0.47717231222385864 0.20471281296023564 0.48600883652430044
2 0.16642120765832105 0.5449189985272459 0.16789396170839468 0.5861561119293078 0.17673048600883653 0.5964653902798233 0.6288659793814433 0.6715758468335787 0.6185567010309279 0.6435935198821797 0.6170839469808542 0.605301914580265
4 0.16053019145802652 0.5949926362297496 0.16494845360824742 0.614138438880707 0.18409425625920472 0.6111929307805597 0.18409425625920472 0.5994108983799705
4 0.6671575846833578 0.6759941089837997 0.6406480117820325 0.6759941089837997 0.6435935198821797 0.6980854197349042 0.6656848306332842 0.7010309278350515 0.6715758468335787 0.6848306332842415
4 0.792341678939617 0.6377025036818851 0.7938144329896907 0.6494845360824743 0.8070692194403535 0.6509572901325479 0.8159057437407953 0.6318114874815906
0 0.13696612665684832 0.4845360824742268 0.13696612665684832 0.5552282768777614 0.14432989690721648 0.5846833578792342 0.15758468335787923 0.5949926362297496 0.16642120765832105 0.6126656848306333 0.18262150220913106 0.6126656848306333 0.1958762886597938 0.5994108983799705 0.4536082474226804 0.6421207658321061 0.6126656848306333 0.6701030927835051 0.6391752577319587 0.6818851251840943 0.6435935198821797 0.695139911634757 0.6642120765832106 0.6995581737849779 0.6715758468335787 0.6774668630338734 0.7761413843888071 0.6421207658321061 0.8085419734904271 0.6480117820324006 0.8203240058910162 0.6273932253313697 0.833578792341679 0.6185567010309279 0.8438880706921944 0.48306332842415317 0.8409425625920471 0.3696612665684831 0.8276877761413843 0.3387334315169367 0.8070692194403535 0.3269513991163476 0.7555228276877761 0.3166421207658321 0.34609720176730485 0.31516936671575846 0.3284241531664212 0.32106038291605304 0.30927835051546393 0.33726067746686306 0.2974963181148748 0.36524300441826213 0.2621502209131075 0.36229749631811486 0.26362297496318116 0.39322533136966126 0.24631811487481592 0.4020618556701031 0.15905743740795286 0.4108983799705449