5 0.7681818181818182 0.4636363636363636 0.7636363636363637 0.5386363636363637 0.7159090909090909 0.5454545454545454 0.725 0.6022727272727273 0.6181818181818182 0.6022727272727273 0.6136363636363636 0.45454545454545453
5 0.2636363636363636 0.45681818181818185 0.3181818181818182 0.45681818181818185 0.37272727272727274 0.4590909090909091 0.37272727272727274 0.5818181818181818 0.2545454545454545 0.5795454545454546
5 0.4409090909090909 0.4636363636363636 0.5113636363636364 0.4659090909090909 0.5636363636363636 0.46136363636363636 0.5431818181818182 0.525 0.5522727272727272 0.6 0.42272727272727273 0.5886363636363636
1 0.2545454545454545 0.5022727272727273 0.2590909090909091 0.41818181818181815 0.8363636363636363 0.40454545454545454 0.8386363636363636 0.5022727272727273 0.7795454545454545 0.5181818181818182 0.7681818181818182 0.44545454545454544 0.6022727272727273 0.45454545454545453 0.6136363636363636 0.5977272727272728 0.5590909090909091 0.5909090909090909 0.5613636363636364 0.45 0.41363636363636364 0.45 0.4159090909090909 0.5886363636363636 0.375 0.5818181818181818 0.375 0.45 0.27045454545454545 0.45
6 0.24772727272727274 0.4954545454545455 0.05454545454545454 0.509090909090909 0.05 0.7181818181818181 0.08863636363636364 0.7181818181818181 0.09318181818181819 0.6022727272727273 0.25227272727272726 0.5727272727272728
3 0.8386363636363636 0.5068181818181818 0.9022727272727272 0.5159090909090909 0.9068181818181819 0.7545454545454545 0.8136363636363636 0.8431818181818181 0.7386363636363636 0.8340909090909091 0.7340909090909091 0.5431818181818182
7 0.25227272727272726 0.5772727272727273 0.7318181818181818 0.6136363636363636 0.7295454545454545 0.7363636363636363 0.09090909090909091 0.6636363636363637 0.1 0.6068181818181818 0.16590909090909092 0.5931818181818181
2 0.10454545454545454 0.675 0.7318181818181818 0.7454545454545455 0.7340909090909091 0.8340909090909091 0.08409090909090909 0.7227272727272728
4 0.09090909090909091 0.7295454545454545 0.125 0.7340909090909091 0.12045454545454545 0.7681818181818182 0.09545454545454546 0.7659090909090909
4 0.740909090909091 0.8409090909090909 0.7659090909090909 0.8431818181818181 0.759090909090909 0.8818181818181818 0.7272727272727273 0.8772727272727273
0 0.05181818181818182 0.5163636363636364 0.05181818181818182 0.7136363636363636 0.06363636363636363 0.7236363636363636 0.08454545454545455 0.7263636363636363 0.09 0.7345454545454545 0.09181818181818181 0.7518181818181818 0.09818181818181818 0.76 0.1190909090909091 0.76 0.12454545454545454 0.7390909090909091 0.13727272727272727 0.7372727272727273 0.29818181818181816 0.7654545454545455 0.59 0.8081818181818182 0.6809090909090909 0.8281818181818181 0.6845454545454546 0.83 0.6872727272727273 0.8554545454545455 0.6945454545454546 0.8627272727272727 0.7172727272727273 0.8645454545454545 0.7436363636363637 0.8763636363636363 0.7581818181818182 0.8763636363636363 0.7709090909090909 0.8436363636363636 0.7763636363636364 0.84 0.81 0.8390909090909091 0.8227272727272728 0.8309090909090909 0.89 0.7636363636363637 0.9036363636363637 0.7445454545454545 0.9036363636363637 0.5290909090909091 0.9 0.52 0.89 0.5145454545454545 0.84 0.5118181818181818 0.8363636363636363 0.5018181818181818 0.8372727272727273 0.42818181818181816 0.8354545454545454 0.4118181818181818 0.8309090909090909 0.4072727272727273 0.6609090909090909 0.40636363636363637 0.28 0.4163636363636364 0.26545454545454544 0.42363636363636364 0.25727272727272726 0.4381818181818182 0.25181818181818183 0.48454545454545456 0.24181818181818182 0.49727272727272726 0.08818181818181818 0.5045454545454545 0.06545454545454546 0.5081818181818182