6 0.072 0.2784 0.0712 0.304 0.1136 0.3024 0.1576 0.2752 0.16 0.2512 0.1344 0.248
5 0.6016 0.2304 0.6008 0.3424 0.592 0.4256 0.5824 0.4592 0.5848 0.4688 0.7024 0.4864 0.716 0.4848 0.7232 0.4672 0.8072 0.4848 0.824 0.4848 0.8272 0.48 0.8248 0.432 0.8328 0.376 0.8416 0.272 0.8528 0.2224 0.8504 0.2032 0.7768 0.2144 0.7152 0.1872 0.7112 0.1968 0.7112 0.2304 0.6976 0.2448 0.6648 0.248 0.6328 0.2368 0.6096 0.2208 0.604 0.2224
0 0.0728 0.288 0.0768 0.3008 0.088 0.3056 0.0872 0.512 0.0936 0.52 0.0944 0.528 0.0688 0.584 0.0696 0.6768 0.0736 0.6928 0.0704 0.7136 0.0736 0.9136 0.104 0.9152 0.1104 0.9024 0.1104 0.7728 0.1064 0.752 0.1096 0.7168 0.1208 0.6992 0.1448 0.7072 0.1592 0.7008 0.2392 0.6976 0.3784 0.704 0.7872 0.7008 0.8312 0.7072 0.8376 0.7008 0.872 0.7024 0.88 0.7184 0.8768 0.768 0.8768 0.9072 0.8824 0.9152 0.8976 0.9168 0.9136 0.9104 0.9208 0.5488 0.9136 0.512 0.9024 0.496 0.9008 0.4768 0.9056 0.4144 0.9032 0.392 0.9056 0.3648 0.9032 0.3552 0.9072 0.3488 0.9104 0.3056 0.9208 0.3024 0.9224 0.2928 0.9144 0.272 0.8536 0.2592 0.8472 0.2512 0.852 0.2352 0.8528 0.208 0.8504 0.2016 0.832 0.2032 0.8256 0.184 0.8256 0.1392 0.8208 0.12 0.8024 0.1152 0.512 0.112 0.1736 0.1152 0.1648 0.1232 0.164 0.2192 0.1556 0.2512 0.1328 0.2544 0.1336 0.2608 0.1296 0.264 0.1216 0.2576 0.104 0.2688 0.0904 0.2688 0.0848 0.2784 0.08 0.2752
7 0.108 0.5136 0.1064 0.5936 0.1096 0.6016 0.1176 0.6048 0.872 0.6048 0.8784 0.6016 0.8808 0.576 0.8822856 0.5097136 0.8457144 0.46628639999999993 0.7874287999999999 0.4685712 0.5808 0.4656 0.5784 0.4576 0.172 0.4576 0.1144 0.5008
4 0.8344 0.3984 0.8352 0.4592 0.8592 0.4864 0.8632 0.4832 0.8792 0.504 0.8832 0.53 0.8824 0.6688 0.8784 0.7088 0.8768 0.7824 0.8776 0.9072 0.8832 0.9168 0.9104 0.9168 0.9152 0.9104 0.916 0.8848 0.9192 0.5808 0.9176 0.5248 0.9016 0.5008 0.9008 0.3312 0.9056 0.304 0.8925711999999999 0.32 0.904 0.3268576 0.8571432000000001 0.2971424 0.8744 0.2608 0.8488 0.2608 0.8368 0.3488
3 0.8472 0.2608 0.8472 0.2816 0.872 0.3008 0.9088 0.3056 0.9208 0.2992 0.9208 0.28 0.9096 0.272 0.8648 0.256 0.852 0.2544
1 0.1624 0.232 0.1616 0.44 0.1712 0.456 0.5776 0.456 0.588 0.4352 0.5936 0.4048 0.5992 0.336 0.5992 0.2368 0.6048 0.2176 0.6704 0.2448 0.7064 0.2352 0.708 0.2144 0.716 0.1824 0.7704 0.2096 0.8192 0.2064 0.8264 0.1936 0.8256 0.1408 0.824 0.1248 0.8152 0.1152 0.1728 0.1152 0.1672 0.1184 0.1648 0.128
4 0.0712 0.5344 0.0688 0.5472 0.0712 0.9088 0.0744 0.9152 0.104 0.9168 0.1104 0.904 0.1112 0.8848 0.1096 0.7136 0.1056 0.6944 0.104 0.5456 0.1016 0.5344 0.0984 0.5408
4 0.1424 0.704 0.1432 0.784 0.1736 0.7856 0.176 0.7776 0.1752 0.7072
4 0.8208 0.7104 0.82 0.7744 0.8232 0.7792 0.8304 0.776 0.8344 0.784 0.848 0.7808 0.8488 0.7472 0.844 0.744 0.8424 0.7328 0.8456 0.7232 0.8424 0.7216 0.8424 0.7136
4 0.8176 0.7088 0.8176 0.7792 0.8232 0.7872 0.8488 0.7856 0.8504 0.7072
4 0.8768 0.7616 0.8776 0.9072 0.8824 0.9152 0.912 0.9152 0.916 0.8864 0.9184 0.552 0.916 0.5216 0.904 0.5072 0.8832 0.5104 0.8832 0.6272
4 0.8491432000000001 0.2948576 0.8811432 0.304 0.904 0.3062864 0.9005711999999999 0.5028576 0.8754288 0.5005712 0.832 0.45485760000000003 0.8377144 0.3154288
4 0.0994288 0.3131424 0.096 0.3245712 0.0948568 0.3108576 0.0948568 0.32 0.0872 0.5072 0.104 0.5104 0.1248 0.4864 0.1392 0.48 0.1576 0.4608 0.16 0.456 0.1565712 0.272 0.1417144 0.2948576
2 0.1064 0.6176 0.1064 0.6944 0.1112 0.7024 0.8744 0.7024 0.8808 0.6928 0.8816 0.672 0.8816 0.6112 0.8752 0.608 0.6648 0.6112 0.1112 0.6048