5 0.2711157455683003 0.34535186794092093 0.3806047966631908 0.34535186794092093 0.3597497393117831 0.4582971329278888 0.2580813347236705 0.44960903562119897
5 0.40145985401459855 0.33883579496090355 0.5213764337851929 0.3475238922675934 0.49530761209593327 0.4582971329278888 0.367570385818561 0.4539530842745439
5 0.5318039624608968 0.34535186794092093 0.656934306569343 0.3518679409209383 0.6256517205422315 0.4582971329278888 0.5083420229405631 0.4582971329278888
5 0.662148070907195 0.341007819287576 0.7325338894681961 0.3540399652476108 0.8263816475495308 0.3627280625543006 0.7898852971845672 0.4322328410078193 0.7090719499478624 0.4539530842745439 0.6960375391032325 0.46915725456125107 0.6308654848800834 0.4669852302345786
6 0.23201251303441084 0.37141615986099047 0.2580813347236705 0.3735881841876629 0.2528675703858186 0.41702867072111205 0.2502606882168926 0.45178105994787143 0.15119916579770595 0.4778453518679409 0.14077163712200208 0.5191138140747177 0.13816475495307612 0.5994787141615986 0.09124087591240876 0.5973066898349262 0.08342022940563086 0.4409209383145091 0.10166840458811262 0.42788879235447436 0.221584984358707 0.41485664639443964
3 0.9071949947862357 0.39096437880104257 0.8315954118873827 0.3822762814943527 0.808133472367049 0.42788879235447436 0.7168925964546402 0.4604691572545613 0.7064650677789364 0.5343179843614249 0.7038581856100105 0.6494352736750652 0.7742440041710115 0.6559513466550826 0.9124087591240876 0.605994787141616
7 0.25547445255474455 0.45612510860121636 0.7012513034410844 0.473501303214596 0.6934306569343066 0.553866203301477 0.15380604796663191 0.5234578627280626 0.15380604796663191 0.4887054735013032
2 0.15119916579770595 0.5321459600347523 0.6960375391032325 0.5603822762814944 0.6960375391032325 0.6429192006950478 0.1329509906152242 0.6016507384882711
4 0.11991657977059438 0.610338835794961 0.14859228362878 0.605994787141616 0.14337851929092804 0.6233709817549956 0.11991657977059438 0.6277150304083405
4 0.7299270072992701 0.6559513466550826 0.7638164754953076 0.6537793223284101 0.7638164754953076 0.6711555169417898 0.737747653806048 0.6711555169417898
0 0.08342022940563086 0.43527367506516074 0.08133472367049009 0.5125977410947002 0.08654848800834203 0.5960034752389227 0.09384775808133472 0.6029539530842746 0.12721584984358708 0.6046915725456126 0.1334723670490094 0.6116420503909644 0.6068821689259646 0.6429192006950478 0.7497393117831074 0.6594265855777585 0.7924921793534933 0.6542137271937446 0.9040667361835245 0.6133796698523023 0.9113660062565172 0.6090356211989574 0.9155370177267987 0.6003475238922676 0.9176225234619395 0.3970460469157255 0.9103232533889468 0.38835794960903564 0.9040667361835245 0.38662033014769764 0.8206465067778936 0.3822762814943527 0.8185610010427529 0.3779322328410078 0.8237747653806048 0.3649000868809731 0.8206465067778936 0.3579496090356212 0.7090719499478624 0.3492615117289314 0.670490093847758 0.33970460469157254 0.397288842544317 0.33883579496090355 0.3920750782064651 0.34491746307558646 0.37851929092805003 0.3483927019982624 0.3180396246089677 0.3475238922675934 0.2721584984358707 0.3423110338835795 0.264859228362878 0.3475238922675934 0.2575599582898853 0.37011294526498695 0.24087591240875914 0.37185056472632494 0.23253388946819603 0.3779322328410078 0.21793534932221065 0.4126846220677672 0.20229405630865485 0.41876629018245004 0.09384775808133472 0.4283231972198089