5 0.11991657977059438 0.41485664639443964 0.2528675703858186 0.3953084274543875 0.39363920750782067 0.40399652476107734 0.4040667361835245 0.4604691572545613 0.24504692387904067 0.4539530842745439 0.14337851929092804 0.473501303214596
5 0.440563086548488 0.40399652476107734 0.59436913451512 0.4061685490877498 0.591762252346194 0.473501303214596 0.41449426485922836 0.46915725456125107
5 0.6308654848800834 0.4126846220677672 0.7924921793534933 0.4192006950477845 0.7690302398331595 0.43874891398783666 0.7116788321167883 0.4365768896611642 0.6960375391032325 0.473501303214596 0.6074035453597497 0.473501303214596
5 0.7168925964546402 0.4409209383145091 0.808133472367049 0.42137271937445697 0.7664233576642335 0.43874891398783666 0.7481751824817519 0.4952215464813206 0.6986444212721585 0.5191138140747177
5 0.24765380604796663 0.341007819287576 0.33889468196037537 0.3627280625543006 0.43795620437956206 0.35621198957428324 0.6412930135557873 0.3649000868809731 0.8628779979144943 0.369244135534318 0.8446298227320125 0.4192006950477845 0.6126173096976016 0.40399652476107734 0.6021897810218978 0.4582971329278888 0.5891553701772679 0.39748045178105995 0.42752867570385816 0.3953084274543875 0.41449426485922836 0.45178105994787143 0.40145985401459855 0.45178105994787143 0.40145985401459855 0.3953084274543875 0.2424400417101147 0.3887923544743701
1 0.8680917622523462 0.3779322328410078 0.9124087591240876 0.38010425716768026 0.9150156412930136 0.5430060816681147 0.9071949947862357 0.40834057341442226 0.8706986444212722 0.4061685490877498
6 0.2346193952033368 0.3844483058210252 0.0886339937434828 0.3996524761077324 0.08602711157455684 0.5516941789748045 0.10948905109489052 0.5430060816681147 0.09906152241918666 0.4778453518679409 0.13555787278415016 0.45612510860121636 0.12252346193952034 0.4018245004344049
3 0.8915537017726799 0.41485664639443964 0.7742440041710115 0.43440486533449174 0.7664233576642335 0.5973066898349262 0.7898852971845672 0.5973066898349262 0.8003128258602711 0.5321459600347523 0.8133472367049009 0.5864465682015638 0.9045881126173096 0.5473501303214596
7 0.25547445255474455 0.46481320590790615 0.7090719499478624 0.48218940052128584 0.6908237747653806 0.5169417897480452 0.7194994786235662 0.5104257167680278 0.7559958289885297 0.501737619461338 0.7559958289885297 0.549522154648132 0.09645464025026068 0.5060816681146829 0.10427528675703858 0.48218940052128584 0.1329509906152242 0.47132927888792353 0.19551616266944735 0.46481320590790615
2 0.11470281543274244 0.5147697654213728 0.7638164754953076 0.5603822762814944 0.7586027111574557 0.5973066898349262 0.10688216892596454 0.5386620330147698
4 0.10427528675703858 0.549522154648132 0.14859228362878 0.5473501303214596 0.1173096976016684 0.5647263249348393 0.11470281543274244 0.5907906168549087 0.09384775808133472 0.573414422241529
4 0.47184567257559956 0.577758470894874 0.49530761209593327 0.577758470894874 0.49530761209593327 0.5994787141615986 0.46663190823774764 0.6016507384882711
4 0.7690302398331595 0.605994787141616 0.8003128258602711 0.5951346655082537 0.8003128258602711 0.5582102519548219 0.8133472367049009 0.6211989574283232 0.8107403545359749 0.6516072980017377 0.7846715328467153 0.634231103388358
4 0.8654848800834203 0.573414422241529 0.886339937434828 0.5864465682015638 0.886339937434828 0.605994787141616 0.9071949947862357 0.605994787141616 0.9019812304483837 0.5125977410947002 0.8915537017726799 0.553866203301477
0 0.08237747653806048 0.40747176368375326 0.08133472367049009 0.4952215464813206 0.0886339937434828 0.5403996524761078 0.09593326381647549 0.5430060816681147 0.09906152241918666 0.5516941789748045 0.10010427528675704 0.5838401390095569 0.10427528675703858 0.5855777584708949 0.11261730969760167 0.580364900086881 0.7612095933263816 0.6090356211989574 0.7883211678832117 0.6168549087749783 0.7893639207507821 0.6463944396177237 0.7977059436913452 0.6524761077324066 0.8050052137643379 0.6472632493483927 0.808133472367049 0.5855777584708949 0.8540145985401459 0.5673327541268463 0.8592283628779979 0.5682015638575152 0.8779979144942649 0.5742832319721981 0.8821689259645464 0.5838401390095569 0.881126173096976 0.6038227628149435 0.8842544316996872 0.6072980017376195 0.8936392075078207 0.6046915725456126 0.8957247132429614 0.5586446568201564 0.9061522419186653 0.5499565595134666 0.9103232533889468 0.5403996524761078 0.9176225234619395 0.4526498696785404 0.9176225234619395 0.38748913987836664 0.8717413972888426 0.3840139009556907 0.862356621480709 0.3779322328410078 0.8654848800834203 0.365768896611642 0.8039624608967675 0.37098175499565594 0.7174139728884255 0.369244135534318 0.6590198123044838 0.3640312771503041 0.643378519290928 0.3579496090356212 0.6058394160583942 0.365768896611642 0.5078206465067779 0.3649000868809731 0.45881126173096975 0.36055603822762816 0.4358706986444213 0.3509991311902693 0.4118873826903024 0.35621198957428324 0.34306569343065696 0.35708079930495223 0.2502606882168926 0.3483927019982624 0.24713242961418144 0.37845351867940924 0.23740041710114704 0.38922675933970463 0.08759124087591241 0.40225890529973934