5 0.6222826086956522 0.4904891304347826 0.625 0.5747282608695652 0.6059782608695652 0.6222826086956522 0.7934782608695652 0.625 0.7839673913043478 0.5625 0.7880434782608695 0.4904891304347826 0.7323369565217391 0.49728260869565216 0.686141304347826 0.49592391304347827 0.6290760869565217 0.483695652173913
5 0.20516304347826086 0.48641304347826086 0.19293478260869565 0.623641304347826 0.23505434782608695 0.6277173913043478 0.37228260869565216 0.6222826086956522 0.3695652173913043 0.48097826086956524 0.28940217391304346 0.49184782608695654
5 0.40625 0.4891304347826087 0.40896739130434784 0.5122282608695652 0.39945652173913043 0.623641304347826 0.5122282608695652 0.6304347826086957 0.5747282608695652 0.625 0.5788043478260869 0.6209239130434783 0.5733695652173914 0.48097826086956524 0.4941127717391304 0.4904891304347826 0.41847826086956524 0.485054347826087
6 0.033967391304347824 0.5869565217391305 0.03804347826086957 0.686141304347826 0.05434782608695652 0.75 0.06385869565217392 0.7567934782608695 0.09103260869565218 0.7608695652173914 0.1793478260869565 0.7581521739130435 0.18206521739130435 0.751358695652174 0.17119565217391305 0.7432065217391305 0.16576086956521738 0.75 0.15625 0.7432065217391305 0.15217391304347827 0.75 0.1331521739130435 0.7350543478260869 0.12228260869565218 0.7350543478260869 0.12364130434782608 0.717391304347826 0.11413043478260869 0.7092391304347826 0.11684782608695653 0.6875 0.12771739130434784 0.6657608695652174 0.1766304347826087 0.6331521739130435 0.17527173913043478 0.5855978260869565 0.15760869565217392 0.5434782608695652 0.11413043478260869 0.5394021739130435 0.06521739130434782 0.5461956521739131 0.04483695652173913 0.5597826086956522
3 0.8233695652173914 0.5910326086956522 0.8233695652173914 0.6317934782608695 0.8342391304347826 0.6345108695652174 0.8383152173913043 0.6426630434782609 0.8464673913043478 0.6399456521739131 0.875 0.6616847826086957 0.8845108695652174 0.6847826086956522 0.8845108695652174 0.720108695652174 0.9008152173913043 0.7269021739130435 0.8940217391304348 0.751358695652174 0.904891304347826 0.748641304347826 0.9184782608695652 0.7567934782608695 0.9347826086956522 0.7527173913043478 0.9556154891304347 0.7314307065217391 0.9510869565217391 0.6290760869565217 0.9605978260869565 0.6168478260869565 0.9592391304347826 0.5801630434782609 0.9524456521739131 0.563858695652174 0.9279891304347826 0.5461956521739131 0.8532608695652174 0.5394021739130435 0.8369565217391305 0.5516304347826086
7 0.11820652173913043 0.6847826086956522 0.11820652173913043 0.7092391304347826 0.13994565217391305 0.7160326086956522 0.46875 0.7146739130434783 0.4904891304347826 0.7105978260869565 0.5190217391304348 0.7146739130434783 0.8627717391304348 0.7160326086956522 0.8817934782608695 0.7065217391304348 0.8858695652173914 0.6902173913043478 0.8858695652173914 0.6820652173913043 0.8695652173913043 0.6657608695652174 0.8070652173913043 0.6345108695652174 0.6059782608695652 0.6277173913043478 0.5285326086956522 0.6317934782608695 0.4945652173913043 0.6385869565217391 0.4701086956521739 0.6317934782608695 0.4048913043478261 0.6277173913043478 0.20516304347826086 0.6317934782608695 0.17527173913043478 0.6385869565217391 0.1453804347826087 0.6535326086956522 0.12635869565217392 0.6698369565217391
1 0.15353260869565216 0.5380434782608695 0.17391304347826086 0.5774456521739131 0.17798913043478262 0.5991847826086957 0.17391304347826086 0.6331521739130435 0.18885869565217392 0.6331521739130435 0.19701086956521738 0.6290760869565217 0.18885869565217392 0.6182065217391305 0.1983695652173913 0.5815217391304348 0.19972826086956522 0.5366847826086957
1 0.7907608695652174 0.5434782608695652 0.7921195652173914 0.6073369565217391 0.8002717391304348 0.6182065217391305 0.7989130434782609 0.6290760869565217 0.8165760869565217 0.6331521739130435 0.8179347826086957 0.5869565217391305 0.8328804347826086 0.5421195652173914
1 0.3736413043478261 0.532608695652174 0.3736413043478261 0.623641304347826 0.39402173913043476 0.625 0.40217391304347827 0.6046195652173914 0.40625 0.532608695652174
1 0.5788043478260869 0.53125 0.5801630434782609 0.625 0.6032608695652174 0.625 0.6195652173913043 0.5801630434782609 0.6168478260869565 0.5353260869565217
2 0.13134103260869565 0.7155801630434783 0.13360461956521738 0.7563410326086957 0.8854171195652174 0.7540760869565217 0.8876807065217391 0.7110502717391304
4 0.028532608695652172 0.7051630434782609 0.02717391304347826 0.7635869565217391 0.03260869565217391 0.7866847826086957 0.08423913043478261 0.782608695652174 0.18206521739130435 0.7608695652173914 0.08016304347826086 0.7608695652173914 0.05298913043478261 0.748641304347826 0.04483695652173913 0.7160326086956522 0.03940217391304348 0.626358695652174 0.033967391304347824 0.6399456521739131
4 0.9551630434782609 0.6277173913043478 0.9497282608695652 0.7282608695652174 0.938858695652174 0.7527173913043478 0.9021739130434783 0.7622282608695652 0.8125 0.7608695652173914 0.8872282608695652 0.7785326086956522 0.9633152173913043 0.7866847826086957 0.96875 0.7703804347826086 0.96875 0.7146739130434783 0.9619565217391305 0.6399456521739131