5 0.49 0.438 0.48875 0.488 0.47125 0.6 0.4725 0.618 0.59375 0.628 0.6125 0.428 0.59875 0.422 0.53375 0.432 0.49875 0.42
5 0.265 0.44 0.2725 0.53 0.27 0.622 0.4475 0.618 0.4625 0.612 0.45125 0.534 0.455 0.438 0.3275 0.428 0.32375 0.438 0.308125 0.446
5 0.62625 0.576 0.625 0.634 0.65625 0.64 0.68125 0.656 0.69625 0.648 0.73 0.5 0.7325 0.44 0.6625 0.45 0.6425 0.496
5 0.71 0.612 0.715 0.64 0.74125 0.656 0.76125 0.574 0.7725 0.566 0.81375 0.572 0.82875 0.512 0.83125 0.466 0.80375 0.464 0.77375 0.438 0.76 0.446 0.73875 0.486
1 0.36785125 0.42485 0.45571375000000003 0.43581400000000003 0.45348875 0.46430200000000005 0.45070875 0.5381900000000001 0.4551575 0.583592 0.4679475 0.62009 0.47740125 0.588932 0.4807375 0.54086 0.48685375000000003 0.48744600000000005 0.49019125 0.437594 0.49742 0.413558 0.52522375 0.43047199999999997 0.60975 0.41979 0.61419875 0.436704 0.60530125 0.45896 0.5930675 0.61564 0.60029625 0.633444 0.62587625 0.634334 0.62254 0.596054 0.6447825 0.477654 0.66591375 0.448276 0.6775924999999999 0.437594 0.68204125 0.446496 0.73320125 0.434034 0.735425 0.494568 0.75878125 0.446496 0.7699025 0.434034 0.77935625 0.45450799999999997 0.79603875 0.46074 0.83941375 0.46430200000000005 0.819395 0.42157 0.7921462499999999 0.404656 0.75878125 0.398424 0.431245 0.393082 0.40733375000000005 0.401094
6 0.21625 0.534 0.22125 0.718 0.22625 0.75 0.2275 0.734 0.2225 0.73 0.2275 0.714 0.22625 0.656 0.23375 0.636 0.26625 0.624 0.27125 0.55 0.2675 0.518
3 0.74 0.674 0.73375 0.72 0.735 0.77 0.7425 0.796 0.75 0.866 0.76125 0.878 0.7825 0.876 0.8325 0.848 0.8425 0.816 0.8575 0.6 0.85 0.51 0.83875 0.468 0.81625 0.426 0.81125 0.428 0.83375 0.468 0.83 0.524 0.82 0.574 0.79875 0.578 0.76625 0.57
7 0.23125 0.658 0.22625 0.682 0.23125 0.704 0.25125 0.712 0.70625 0.786 0.72125 0.784 0.73 0.774 0.72875 0.722 0.7375 0.672 0.72625 0.654 0.71 0.652 0.68375 0.662 0.63 0.638 0.4075 0.618 0.255 0.632 0.2375 0.638
2 0.22875 0.708 0.2275 0.764 0.245 0.776 0.7025 0.864 0.74375 0.866 0.74625 0.858 0.74125 0.802 0.735 0.784 0.68125 0.786
4 0.57125 0.848 0.57 0.874 0.5825 0.876 0.585 0.85
4 0.81 0.866 0.81125 0.89 0.8225 0.892 0.82375 0.86
4 0.23375 0.786 0.2325 0.828 0.245 0.832 0.25125 0.79
4 0.4775 0.826 0.47625 0.87 0.49125 0.872 0.49375 0.83
4 0.73625 0.884 0.7375 0.942 0.7525 0.95 0.7575 0.886
0 0.2175 0.534 0.22375 0.746 0.23625 0.832 0.245 0.83 0.24625 0.822 0.7375 0.936 0.7425 0.948 0.755 0.944 0.75875 0.884 0.8075 0.87 0.82 0.886 0.82625 0.856 0.84 0.836 0.85625 0.638 0.855 0.544 0.8375 0.462 0.82375 0.432 0.8025 0.41 0.7625 0.398 0.415 0.398 0.385 0.414 0.26625 0.438 0.2625 0.446 0.27 0.492 0.26375 0.518