5 0.22125 0.328 0.2325 0.404 0.235 0.462 0.235 0.506 0.2275 0.524 0.23 0.55 0.38625 0.536 0.38875 0.52 0.3725 0.444 0.37 0.344 0.37375 0.318 0.37 0.306 0.3625 0.302 0.27625 0.332 0.235 0.322
5 0.67375 0.32 0.66375 0.446 0.64875 0.532 0.65 0.558 0.7625 0.59 0.79 0.522 0.80875 0.342 0.79375 0.336 0.74125 0.344 0.70375 0.334 0.685 0.316
1 0.27 0.316 0.26875 0.328 0.28 0.328 0.355 0.3 0.3675 0.3 0.3725 0.308 0.37375 0.444 0.39125 0.538 0.43 0.55 0.56875 0.556 0.6025 0.57 0.645 0.56 0.67 0.4 0.6725 0.312 0.51625 0.298 0.46125 0.314 0.4225 0.296 0.3575 0.292 0.28875 0.3 0.275 0.306
1 0.68625 0.312 0.70125 0.33 0.73625 0.34 0.77625 0.344 0.79 0.334 0.80875 0.34 0.81125 0.364 0.79875 0.412 0.80125 0.438 0.795 0.518 0.82375 0.486 0.87125 0.45 0.8725 0.418 0.86625 0.396 0.86375 0.352 0.8425 0.324 0.79375 0.312
7 0.19 0.578 0.18625 0.584 0.1875 0.644 0.195 0.664 0.2075 0.67 0.72 0.716 0.755 0.708 0.7625 0.608 0.75125 0.592 0.68 0.57 0.6325 0.566 0.60375 0.576 0.5475 0.556 0.47625 0.55 0.44125 0.556 0.4 0.542 0.255 0.55 0.2075 0.564
2 0.19625 0.672 0.1975 0.754 0.205 0.764 0.27 0.766 0.34 0.78 0.74375 0.826 0.75 0.822 0.7525 0.778 0.7625 0.768 0.75875 0.726 0.75375 0.718 0.37625 0.68
3 0.76 0.654 0.76375 0.76 0.7575 0.788 0.75875 0.816 0.76375 0.828 0.7925 0.838 0.8175 0.836 0.87875 0.738 0.88125 0.566 0.90375 0.526 0.9075 0.506 0.90375 0.478 0.8875 0.46 0.87 0.456 0.80625 0.508 0.78 0.548 0.7725 0.57 0.765 0.598
6 0.11875 0.472 0.1125 0.482 0.115 0.53 0.12625 0.546 0.13875 0.548 0.15375 0.586 0.1525 0.624 0.14 0.672 0.14 0.736 0.1475 0.75 0.18625 0.756 0.19 0.738 0.18375 0.694 0.19125 0.684 0.1825 0.596 0.18875 0.574 0.2225 0.552 0.22375 0.524 0.23125 0.504 0.22875 0.436 0.21875 0.432 0.1875 0.442
4 0.76125 0.824 0.76375 0.852 0.785 0.89 0.79625 0.896 0.8175 0.896 0.82125 0.89 0.82 0.828
4 0.1525 0.762 0.15 0.814 0.175 0.814 0.185 0.804 0.19125 0.778 0.18875 0.762
4 0.85 0.782 0.8475 0.792 0.8525 0.8 0.88125 0.798 0.87875 0.75
0 0.11625 0.478 0.11375 0.514 0.11875 0.534 0.14125 0.55 0.15375 0.586 0.15125 0.632 0.1375 0.704 0.14 0.736 0.1525 0.776 0.14875 0.802 0.1525 0.814 0.1825 0.808 0.1975 0.764 0.33125 0.778 0.42125 0.796 0.68 0.818 0.75 0.832 0.76 0.84 0.78375 0.89 0.8075 0.896 0.82125 0.888 0.82 0.84 0.82625 0.816 0.84875 0.796 0.85625 0.802 0.88125 0.794 0.8775 0.734 0.88125 0.575 0.9075 0.504 0.9025 0.476 0.8825 0.46 0.87125 0.435334 0.86125 0.348 0.8375 0.322 0.7025 0.308 0.63625 0.322 0.6225 0.308 0.55875 0.3 0.50125 0.3 0.4625 0.314 0.42125 0.296 0.36875 0.292 0.2825 0.302 0.265 0.328 0.22875 0.326 0.22125 0.344 0.23375 0.378 0.23125 0.432 0.14625 0.458