1 0.1361111111111111 0.42777777777777776 0.1361111111111111 0.4324074074074074 0.18796296296296297 0.44537037037037036 0.2638888888888889 0.5166666666666667 0.2740740740740741 0.5203703703703704 0.6851851851851852 0.49166666666666664 0.7777777777777778 0.4777777777777778 0.7833333333333333 0.462037037037037 0.7824074074074074 0.4462962962962963 0.7611111111111111 0.4203703703703704 0.7361111111111112 0.4074074074074074 0.7083333333333334 0.40370370370370373 0.5518518518518518 0.40370370370370373 0.19722222222222222 0.412962962962963 0.15833333333333333 0.41759259259259257
6 0.028703703703703703 0.49444444444444446 0.030555555555555555 0.5222222222222223 0.044444444444444446 0.5583333333333333 0.06296296296296296 0.5833333333333334 0.10092592592592593 0.6194444444444445 0.15 0.6435185185185185 0.19074074074074074 0.6564814814814814 0.19537037037037036 0.6620370370370371 0.2074074074074074 0.6620370370370371 0.27870370370370373 0.6888888888888889 0.29259259259259257 0.6888888888888889 0.2916666666666667 0.6824074074074075 0.2722222222222222 0.6787037037037037 0.2537037037037037 0.6648148148148149 0.24722222222222223 0.6546296296296297 0.2388888888888889 0.6518518518518519 0.2101851851851852 0.6157407407407407 0.20555555555555555 0.6018518518518519 0.19814814814814816 0.5962962962962963 0.19907407407407407 0.5879629629629629 0.19537037037037036 0.5833333333333334 0.18981481481481483 0.5518518518518518 0.19074074074074074 0.5425925925925926 0.20277777777777778 0.5388888888888889 0.19537037037037036 0.5305555555555556 0.18703703703703703 0.5259259259259259 0.1638888888888889 0.5231481481481481 0.13333333333333333 0.5101851851851852 0.05555555555555555 0.49074074074074076 0.03611111111111111 0.487962962962963
4 0.028703703703703703 0.4935185185185185 0.030555555555555555 0.5231481481481481 0.04259259259259259 0.5555555555555556 0.06296296296296296 0.5833333333333334 0.10092592592592593 0.6194444444444445 0.1259259259259259 0.6333333333333333 0.18425925925925926 0.6546296296296297 0.19537037037037036 0.6620370370370371 0.2074074074074074 0.6620370370370371 0.2462962962962963 0.6787037037037037 0.2916666666666667 0.6888888888888889 0.287962962962963 0.6814814814814815 0.2712962962962963 0.6796296296296296 0.25833333333333336 0.6666666666666666 0.2518518518518518 0.6648148148148149 0.24814814814814815 0.6574074074074074 0.23703703703703705 0.6518518518518519 0.23425925925925925 0.6444444444444445 0.22314814814814815 0.6351851851851852 0.22037037037037038 0.6259259259259259 0.21388888888888888 0.6240740740740741 0.21388888888888888 0.6185185185185185 0.19722222222222222 0.5962962962962963 0.1935185185185185 0.5833333333333334 0.18796296296296297 0.5537037037037037 0.19722222222222222 0.5370370370370371 0.1935185185185185 0.5287037037037037 0.1638888888888889 0.5231481481481481 0.13148148148148148 0.5092592592592593 0.04537037037037037 0.487962962962963 0.03518518518518519 0.487962962962963
5 0.05 0.44074074074074077 0.046296296296296294 0.4462962962962963 0.05 0.4564814814814815 0.08425925925925926 0.49537037037037035 0.12037037037037036 0.5018518518518519 0.1537037037037037 0.5138888888888888 0.17777777777777778 0.5157407407407407 0.1962962962962963 0.5268518518518519 0.2351851851851852 0.5601851851851852 0.23796296296296296 0.5675925925925925 0.25092592592592594 0.575 0.2935185185185185 0.5842592592592593 0.30092592592592593 0.5814814814814815 0.3055555555555556 0.5703703703703704 0.30277777777777776 0.5583333333333333 0.19166666666666668 0.44907407407407407 0.1638888888888889 0.4388888888888889 0.07685185185185185 0.425 0.06018518518518518 0.4287037037037037
7 0.28703703703703703 0.5208333333333334 0.7870370370370371 0.47685185185185186 0.9212962962962963 0.48148148148148145 0.9375 0.5023148148148148 0.9166666666666666 0.5254629629629629 0.9259259259259259 0.5509259259259259 0.33796296296296297 0.6458333333333334 0.32175925925925924 0.6018518518518519 0.30324074074074076 0.5509259259259259
6 0.22314814814814815 0.5638888888888889 0.22407407407407406 0.575925925925926 0.23796296296296296 0.5944444444444444 0.2722222222222222 0.625 0.30092592592592593 0.6388888888888888 0.3277777777777778 0.6435185185185185 0.3314814814814815 0.6407407407407407 0.33240740740740743 0.625 0.325 0.6166666666666667 0.2638888888888889 0.5925925925925926
3 0.9685185185185186 0.45925925925925926 0.9157407407407407 0.5296296296296297 0.925 0.5481481481481482 0.9388888888888889 0.5407407407407407 0.9564814814814815 0.5157407407407407 0.9712962962962963 0.4759259259259259 0.9731481481481481 0.4601851851851852
2 0.19166666666666668 0.537962962962963 0.19444444444444445 0.5712962962962963 0.20462962962962963 0.5990740740740741 0.23796296296296296 0.6472222222222223 0.26666666666666666 0.6731481481481482 0.30648148148148147 0.6907407407407408 0.32407407407407407 0.6916666666666667 0.4425925925925926 0.675 0.4601851851851852 0.6712962962962963 0.4638888888888889 0.6657407407407407 0.4722222222222222 0.6638888888888889 0.487962962962963 0.674074074074074 0.49166666666666664 0.6703703703703704 0.5546296296296296 0.6583333333333333 0.7037037037037037 0.6342592592592593 0.8305555555555556 0.6064814814814815 0.8379629629629629 0.600925925925926 0.9287037037037037 0.5787037037037037 0.9481481481481482 0.5675925925925925 0.9629629629629629 0.5462962962962963 0.9768518518518519 0.512962962962963 0.9842592592592593 0.4722222222222222 0.9833333333333333 0.4648148148148148 0.9787037037037037 0.46296296296296297 0.9592592592592593 0.5203703703703704 0.9388888888888889 0.5444444444444444 0.924074074074074 0.5518518518518518 0.3435185185185185 0.6453703703703704 0.30462962962962964 0.6425925925925926 0.27037037037037037 0.6259259259259259 0.23148148148148148 0.5888888888888889 0.20277777777777778 0.5388888888888889
4 0.8194444444444444 0.6083333333333333 0.8203703703703704 0.6129629629629629 0.850925925925926 0.6361111111111111 0.862037037037037 0.6388888888888888 0.8694444444444445 0.6324074074074074 0.8759259259259259 0.5962962962962963 0.8638888888888889 0.5962962962962963 0.85 0.6083333333333333 0.8416666666666667 0.6055555555555555
4 0.4 0.6842592592592592 0.41203703703703703 0.7324074074074074 0.4148148148148148 0.7361111111111112 0.425 0.737037037037037 0.4388888888888889 0.7277777777777777 0.49722222222222223 0.6712962962962963 0.4722222222222222 0.674074074074074 0.4398148148148148 0.6962962962962963 0.4287037037037037 0.6935185185185185 0.4166666666666667 0.6796296296296296
4 0.22777777777777777 0.5731481481481482 0.24074074074074073 0.5953703703703703 0.2537037037037037 0.6092592592592593 0.2638888888888889 0.6129629629629629 0.26851851851851855 0.6222222222222222 0.28055555555555556 0.6222222222222222 0.2962962962962963 0.6370370370370371 0.32407407407407407 0.6444444444444445 0.3296296296296296 0.6416666666666667 0.33055555555555555 0.6259259259259259 0.325 0.6185185185185185
6 0.22037037037037038 0.5648148148148148 0.22314814814814815 0.5805555555555556 0.23148148148148148 0.5814814814814815 0.25092592592592594 0.6083333333333333 0.2657407407407407 0.6203703703703703 0.2962962962962963 0.6370370370370371 0.3074074074074074 0.6370370370370371 0.32407407407407407 0.6462962962962963 0.3296296296296296 0.6416666666666667 0.3277777777777778 0.6194444444444445 0.2759259259259259 0.5990740740740741 0.2638888888888889 0.5925925925925926 0.262037037037037 0.5842592592592593 0.23425925925925925 0.575 0.22314814814814815 0.5638888888888889
4 0.1824074074074074 0.6564814814814814 0.18425925925925926 0.6925925925925925 0.18703703703703703 0.6962962962962963 0.19444444444444445 0.6962962962962963 0.19814814814814816 0.6925925925925925 0.2 0.6638888888888889 0.19537037037037036 0.6592592592592592