5 0.1480978260869565 0.4388586956521739 0.14673913043478262 0.45108695652173914 0.1671195652173913 0.49728260869565216 0.18478260869565216 0.5122282608695652 0.23641304347826086 0.5217391304347826 0.2554347826086957 0.5339673913043478 0.2717391304347826 0.5665760869565217 0.3451086956521739 0.5461956521739131 0.3423913043478261 0.529891304347826 0.28396739130434784 0.43070652173913043
5 0.35597826086956524 0.42934782608695654 0.358695652173913 0.45516304347826086 0.38722826086956524 0.5434782608695652 0.5475543478260869 0.5258152173913043 0.5190217391304348 0.42391304347826086 0.42391304347826086 0.43070652173913043
5 0.6019021739130435 0.41983695652173914 0.623641304347826 0.5244565217391305 0.6304347826086957 0.529891304347826 0.6589673913043478 0.5244565217391305 0.8165760869565217 0.5230978260869565 0.8206521739130435 0.5190217391304348 0.8260869565217391 0.4375 0.7472826086956522 0.43070652173913043 0.7269021739130435 0.4171195652173913
0 0.06657608695652174 0.5108695652173914 0.059782608695652176 0.5244565217391305 0.06114130434782609 0.6480978260869565 0.18206521739130435 0.6929347826086957 0.29483695652173914 0.6711956521739131 0.3845108695652174 0.6616847826086957 0.41304347826086957 0.6508152173913043 0.4578804347826087 0.6535326086956522 0.5217391304347826 0.6467391304347826 0.5394021739130435 0.6399456521739131 0.6399456521739131 0.6331521739130435 0.6671195652173914 0.626358695652174 0.6725543478260869 0.6168478260869565 0.6807065217391305 0.625 0.7010869565217391 0.626358695652174 0.782608695652174 0.6127717391304348 0.7975543478260869 0.6154891304347826 0.8654891304347826 0.6046195652173914 0.9171195652173914 0.6046195652173914 0.9510869565217391 0.5978260869565217 0.9592391304347826 0.5692934782608695 0.9592391304347826 0.5122282608695652 0.9538043478260869 0.5081521739130435 0.845108695652174 0.5027173913043478 0.84375 0.47690217391304346 0.8274456521739131 0.4673913043478261 0.8274456521739131 0.4361413043478261 0.7853260869565217 0.42934782608695654 0.7377717391304348 0.42934782608695654 0.7282608695652174 0.4171195652173913 0.6019021739130435 0.41983695652173914 0.6086956521739131 0.45652173913043476 0.595108695652174 0.46875 0.529891304347826 0.46603260869565216 0.5190217391304348 0.42391304347826086 0.3546195652173913 0.43070652173913043 0.3641304347826087 0.47690217391304346 0.3532608695652174 0.4782608695652174 0.3111413043478261 0.47690217391304346 0.2826086956521739 0.42934782608695654 0.15760869565217392 0.4361413043478261 0.1453804347826087 0.44021739130434784 0.15760869565217392 0.483695652173913 0.1431154891304348 0.4904891304347826 0.09510869565217392 0.49320652173913043 0.07744565217391304 0.5
6 0.06657608695652174 0.5108695652173914 0.059782608695652176 0.5258152173913043 0.059782608695652176 0.6440217391304348 0.06385869565217392 0.6508152173913043 0.1793478260869565 0.6929347826086957 0.2105978260869565 0.6779891304347826 0.24864130434782608 0.6698369565217391 0.25271739130434784 0.6752717391304348 0.26222826086956524 0.6698369565217391 0.266304347826087 0.6616847826086957 0.26766304347826086 0.5774456521739131 0.24728260869565216 0.532608695652174 0.23097826086956522 0.5244565217391305 0.18885869565217392 0.5176630434782609 0.16576086956521738 0.5095108695652174 0.1480978260869565 0.4945652173913043 0.12228260869565218 0.4904891304347826 0.08559782608695653 0.49728260869565216
3 0.8260869565217391 0.5027173913043478 0.8274456521739131 0.5203804347826086 0.876358695652174 0.5271739130434783 0.8913043478260869 0.5421195652173914 0.8926630434782609 0.5842391304347826 0.9035326086956522 0.595108695652174 0.9157608695652174 0.6019021739130435 0.9565217391304348 0.595108695652174 0.9605978260869565 0.5679347826086957 0.9578804347826086 0.5081521739130435 0.8790760869565217 0.5
1 0.8288043478260869 0.47282608695652173 0.8274456521739131 0.4986413043478261 0.8355978260869565 0.501358695652174 0.84375 0.49728260869565216 0.8464673913043478 0.48097826086956524 0.8383152173913043 0.47146739130434784
1 0.10461956521739131 0.4904891304347826 0.10054347826086957 0.49320652173913043 0.125 0.49184782608695654 0.14673913043478262 0.5027173913043478 0.16576086956521738 0.5054347826086957 0.15896739130434784 0.49728260869565216 0.15896739130434784 0.48641304347826086
1 0.327445652173913 0.47554347826086957 0.3138586956521739 0.47690217391304346 0.3138586956521739 0.48097826086956524 0.34782608695652173 0.5421195652173914 0.37907608695652173 0.5434782608695652 0.37907608695652173 0.5217391304347826 0.3654891304347826 0.4796195652173913 0.360054347826087 0.47554347826086957
1 0.5339673913043478 0.46603260869565216 0.5529891304347826 0.5271739130434783 0.6209239130434783 0.5271739130434783 0.6073369565217391 0.46467391304347827
7 0.2717391304347826 0.5828804347826086 0.2717391304347826 0.65625 0.2921195652173913 0.6589673913043478 0.8804347826086957 0.59375 0.8885869565217391 0.5842391304347826 0.8899456521739131 0.5461956521739131 0.8858695652173914 0.5380434782608695 0.8600543478260869 0.529891304347826 0.8043478260869565 0.5244565217391305 0.6820652173913043 0.5244565217391305 0.6413043478260869 0.5353260869565217 0.529891304347826 0.53125 0.44157608695652173 0.5394021739130435 0.421195652173913 0.5461956521739131 0.3532608695652174 0.5461956521739131 0.28940217391304346 0.5625 0.2758152173913043 0.5706521739130435
2 0.264945652173913 0.6634959239130435 0.9057975543478262 0.593297554347826 0.9035326086956522 0.6000910326086956