0 0.10461956521739131 0.6215644820295984 0.10326086956521739 0.635306553911205 0.11141304347826086 0.6553911205073996 0.1453804347826087 0.6680761099365751 0.16168478260869565 0.6902748414376322 0.7255434782608695 0.781183932346723 0.7364130434782609 0.773784355179704 0.7404891304347826 0.7579281183932347 0.7880434782608695 0.741014799154334 0.8125 0.7452431289640592 0.8247282608695652 0.7304439746300211 0.8885869565217391 0.7061310782241015 0.8953804347826086 0.6955602536997886 0.8926630434782609 0.6057082452431289 0.8722826086956522 0.5961945031712473 0.8695652173913043 0.5856236786469344 0.8614130434782609 0.580338266384778 0.7758152173913043 0.5761099365750528 0.7581521739130435 0.5671247357293869 0.7608695652173914 0.5465116279069767 0.7472826086956522 0.5412262156448203 0.6154891304347826 0.5369978858350951 0.6086956521739131 0.5507399577167019 0.5570652173913043 0.5443974630021141 0.5570652173913043 0.5391120507399577 0.5461956521739131 0.5348837209302325 0.2826086956521739 0.5232558139534884 0.264945652173913 0.5486257928118393 0.15625 0.5570824524312896 0.14402173913043478 0.5739957716701902 0.14402173913043478 0.5930232558139535 0.1331521739130435 0.6078224101479915 0.11277173913043478 0.6131078224101479
5 0.264945652173913 0.5644820295983086 0.26222826086956524 0.595137420718816 0.358695652173913 0.6057082452431289 0.37228260869565216 0.5813953488372093 0.38179347826086957 0.5306553911205074 0.37228260869565216 0.5264270613107822 0.2826086956521739 0.5243128964059197
1 0.3695652173913043 0.5909090909090909 0.3695652173913043 0.6067653276955602 0.389945652173913 0.6120507399577167 0.41032608695652173 0.6109936575052854 0.42391304347826086 0.5570824524312896 0.3804347826086957 0.554968287526427
5 0.4171195652173913 0.5866807610993657 0.4157608695652174 0.6120507399577167 0.5366847826086957 0.6236786469344608 0.5475543478260869 0.595137420718816 0.5570652173913043 0.5391120507399577 0.5461956521739131 0.5348837209302325 0.43478260869565216 0.5317124735729387
1 0.7595108695652174 0.5771670190274841 0.7581521739130435 0.587737843551797 0.8125 0.5782241014799154 0.7866847826086957 0.5750528541226215
1 0.5516304347826086 0.5708245243128964 0.5407608695652174 0.6226215644820295 0.5625 0.627906976744186 0.5896739130434783 0.6257928118393234 0.6019021739130435 0.5665961945031712 0.5557065217391305 0.5634249471458774
5 0.5991847826086957 0.6025369978858351 0.5978260869565217 0.627906976744186 0.6372282608695652 0.627906976744186 0.7092391304347826 0.6374207188160677 0.7228260869565217 0.6236786469344608 0.7282608695652174 0.5983086680761099 0.7391304347826086 0.5919661733615222 0.7404891304347826 0.5856236786469344 0.7472826086956522 0.5866807610993657 0.7540760869565217 0.5792811839323467 0.7581521739130435 0.5465116279069767 0.7472826086956522 0.5422832980972516 0.6154891304347826 0.5369978858350951
6 0.15217391304347827 0.5591966173361522 0.14673913043478262 0.587737843551797 0.14945652173913043 0.6057082452431289 0.16847826086956522 0.6078224101479915 0.2554347826086957 0.595137420718816 0.266304347826087 0.5496828752642706 0.18070652173913043 0.5528541226215645 0.15760869565217392 0.554968287526427
3 0.7255434782608695 0.6131078224101479 0.7241847826086957 0.6649048625792812 0.7717391304347826 0.6754756871035941 0.7839673913043478 0.6818181818181818 0.7894021739130435 0.7103594080338267 0.7866847826086957 0.7304439746300211 0.7921195652173914 0.7389006342494715 0.8165760869565217 0.7441860465116279 0.8260869565217391 0.7304439746300211 0.8926630434782609 0.7019027484143763 0.8940217391304348 0.6088794926004228 0.8899456521739131 0.6035940803382663 0.873641304347826 0.6004228329809725 0.8654891304347826 0.5824524312896406 0.8328804347826086 0.5792811839323467 0.7663043478260869 0.5856236786469344 0.7323369565217391 0.5972515856236786
7 0.125 0.6109936575052854 0.10869565217391304 0.6194503171247357 0.10869565217391304 0.6405919661733616 0.11413043478260869 0.6490486257928119 0.18478260869565216 0.6617336152219874 0.25407608695652173 0.6659619450317125 0.264945652173913 0.671247357293869 0.2798913043478261 0.6670190274841438 0.28532608695652173 0.6723044397463002 0.3179347826086957 0.6775898520084567 0.34375 0.6807610993657506 0.3695652173913043 0.6849894291754757 0.38315217391304346 0.6849894291754757 0.39809782608695654 0.6913319238900634 0.42391304347826086 0.6913319238900634 0.453804347826087 0.6997885835095138 0.4592391304347826 0.693446088794926 0.46603260869565216 0.693446088794926 0.47282608695652173 0.7008456659619451 0.7309782608695652 0.733615221987315 0.7581521739130435 0.7399577167019028 0.7839673913043478 0.726215644820296 0.782608695652174 0.6828752642706131 0.7622282608695652 0.6744186046511628 0.7255434782608695 0.6680761099365751 0.720108695652174 0.642706131078224 0.7065217391304348 0.6395348837209303 0.6032608695652174 0.6300211416490487 0.5380434782608695 0.6342494714587738 0.5095108695652174 0.6226215644820295 0.42527173913043476 0.6141649048625792 0.3804347826086957 0.6152219873150105 0.34375 0.6226215644820295 0.3179347826086957 0.6057082452431289 0.266304347826087 0.6004228329809725
2 0.11684782608695653 0.6511627906976745 0.7364130434782609 0.7399577167019028 0.7771739130434783 0.7315010570824524 0.7771739130434783 0.7484143763213531 0.7391304347826086 0.7526427061310782 0.14130434782608695 0.6659619450317125
4 0.33152173913043476 0.6966173361522199 0.33152173913043476 0.7156448202959831 0.34782608695652173 0.7156448202959831 0.35054347826086957 0.7029598308668076
4 0.16847826086956522 0.671247357293869 0.15760869565217392 0.671247357293869 0.15896739130434784 0.6902748414376322 0.17527173913043478 0.6881606765327696 0.17527173913043478 0.6754756871035941
4 0.5176630434782609 0.726215644820296 0.5163043478260869 0.7473572938689218 0.532608695652174 0.7484143763213531 0.5366847826086957 0.7325581395348837
4 0.452445652173913 0.7167019027484144 0.452445652173913 0.7367864693446089 0.46875 0.7367864693446089 0.47282608695652173 0.7315010570824524 0.46875 0.7177589852008457
4 0.7309782608695652 0.7579281183932347 0.720108695652174 0.7579281183932347 0.7228260869565217 0.7822410147991543 0.7391304347826086 0.7758985200845666 0.7391304347826086 0.7610993657505285
4 0.8043478260869565 0.7389006342494715 0.8016304347826086 0.7441860465116279 0.8084239130434783 0.7484143763213531 0.8206521739130435 0.7441860465116279 0.8192934782608695 0.7346723044397463