5 0.12666666666666668 0.4185186666666667 0.19481466666666666 0.4032806666666667 0.24074066666666666 0.38401066666666667 0.30592600000000003 0.5263113333333334 0.17259266666666667 0.5500280000000001 0.16666666666666666 0.4833246666666666
5 0.4355553333333333 0.3851853333333333 0.5192593333333333 0.38993999999999995 0.597778 0.38549333333333335 0.614074 0.5322406666666667 0.5192593333333333 0.5322406666666667 0.4348146666666666 0.5455813333333333 0.448148 0.4536786666666667
5 0.7688886666666668 0.371852 0.8214813333333333 0.38993999999999995 0.8911113333333333 0.400316 0.8288886666666667 0.49666533333333335 0.8511113333333333 0.5470633333333333 0.774074 0.5189 0.7133333333333334 0.5277933333333333
1 0.17555533333333334 0.40296266666666664 0.19037066666666666 0.35733 0.8288886666666667 0.3543653333333333 0.8348146666666667 0.3825286666666667 0.7562966666666666 0.3647413333333333 0.7029633333333333 0.5322406666666667 0.6214813333333333 0.530758 0.60963 0.3721526666666667 0.4214813333333333 0.37659933333333334 0.42 0.5277933333333333 0.317778 0.5277933333333333 0.25407399999999997 0.3721526666666667
6 0.12666666666666668 0.434074 0.14888866666666667 0.46405466666666667 0.162222 0.5470633333333333 0.12666666666666668 0.579674 0.128148 0.7160453333333333 0.06444466666666666 0.7145626666666667 0.06 0.469984
7 0.16666666666666666 0.5585186666666667 0.3074073333333333 0.5366873333333333 0.43925933333333333 0.5352053333333333 0.6214813333333333 0.5426166666666666 0.7103706666666667 0.5277933333333333 0.8377779999999999 0.5515106666666666 0.8748146666666666 0.5722626666666667 0.8748146666666666 0.6374833333333334 0.12963 0.6419306666666666 0.13111133333333333 0.581156
2 0.13333333333333333 0.651852 0.871852 0.6448953333333333 0.8674073333333334 0.7160453333333333 0.12666666666666668 0.7145626666666667
3 0.877778 0.4296293333333333 0.9340740000000001 0.4729486666666667 0.9311113333333333 0.7160453333333333 0.8748146666666666 0.7175273333333333 0.8792593333333333 0.5663333333333334 0.8570373333333333 0.5470633333333333 0.8540740000000001 0.46109
4 0.1 0.7229626666666666 0.13703733333333334 0.720492 0.13851866666666665 0.7471733333333334 0.1 0.7575493333333334
4 0.842222 0.7162959999999999 0.8733333333333333 0.7175273333333333 0.8733333333333333 0.7442086666666667 0.843704 0.748656
0 0.06266666666666666 0.4806666666666667 0.064 0.71 0.07066666666666667 0.7166666666666667 0.106 0.72 0.11266666666666666 0.7426666666666667 0.11866666666666667 0.7446666666666667 0.13333333333333333 0.7446666666666667 0.132 0.74 0.13666666666666666 0.736 0.138 0.7306666666666667 0.136 0.722 0.14333333333333334 0.7166666666666667 0.32266666666666666 0.718 0.382 0.7146666666666667 0.4033333333333333 0.7173333333333334 0.8393333333333334 0.7173333333333334 0.842 0.732 0.8473333333333334 0.7366666666666667 0.8453333333333334 0.74 0.8466666666666667 0.744 0.8566666666666667 0.7453333333333333 0.8626666666666667 0.7446666666666667 0.8693333333333333 0.7393333333333333 0.876 0.718 0.926 0.7166666666666667 0.932 0.7113333333333334 0.936 0.48333333333333334 0.932 0.47333333333333333 0.9186666666666666 0.45866666666666667 0.8973333333333333 0.442 0.8933333333333333 0.44133333333333336 0.8833333333333333 0.43133333333333335 0.876 0.4266666666666667 0.8713333333333333 0.42933333333333334 0.862 0.42 0.8613333333333333 0.4146666666666667 0.8693333333333333 0.4066666666666667 0.87 0.3993333333333333 0.864 0.4 0.8586666666666667 0.3933333333333333 0.8426666666666667 0.39266666666666666 0.834 0.38066666666666665 0.834 0.374 0.828 0.3586666666666667 0.8206666666666667 0.354 0.8 0.35133333333333333 0.7433333333333333 0.35133333333333333 0.49866666666666665 0.356 0.19733333333333333 0.356 0.18733333333333332 0.3626666666666667 0.18066666666666667 0.374 0.17466666666666666 0.4033333333333333 0.14866666666666667 0.4126666666666667 0.146 0.4073333333333333 0.14 0.408 0.13 0.43133333333333335 0.06733333333333333 0.4633333333333333