1 0.26031178310740355 0.3274743701129453 0.23793847758081335 0.4374144222415291 0.2482179353493222 0.43590269331016507 0.7555391032325339 0.4817741094700261 0.7609812304483837 0.47471676802780194 0.9042711157455683 0.4530417028670721 0.9169687174139729 0.3749079061685491 0.9212022940563086 0.3618019113814075 0.8849217935349322 0.35020851433536054 0.7023096976016684 0.33659774109470025 0.29113242961418145 0.31794700260642916 0.2742012513034411 0.3189548218940052 0.259689259645464 0.3199635099913119
1 0.7895610010427528 0.48495916594265853 0.8485943691345151 0.49733101650738487 0.8462877997914494 0.476876629018245
1 0.8622252346193953 0.47316507384882717 0.8664202294056309 0.5060721112076455 0.8873910323253389 0.5272258905299739 0.8873910323253389 0.5244291920069505 0.8928435870698644 0.5260026064291919 0.9016517205422314 0.4646385751520417 0.8901167883211678 0.46691138140747174 0.888859228362878 0.47128236316246747
7 0.786415015641293 0.48526238053866205 0.7768581856100104 0.5778531711555169 0.8567288842544316 0.5522441355343181 0.8489916579770594 0.49742224152910514
7 0.8659447340980188 0.5068757602085143 0.8715192909280501 0.5497784535186794 0.8817591240875912 0.5391555169417898 0.8863096976016684 0.5393449174630756 0.8860823774765381 0.5344126846220678 0.8838070907194995 0.5344126846220678 0.8890406673618353 0.5296707211120765
7 0.23545568300312825 0.4379695916594266 0.09552241918665276 0.45806255430060816 0.08937851929092805 0.46132232841007814 0.08881960375391032 0.5018366637706343 0.7362523461939521 0.5879887054735012 0.7491001042752867 0.5851946133796698 0.7602721584984359 0.5819348392701998 0.771444212721585 0.4864691572545613 0.7552450469238791 0.48553779322328416 0.7546861313868614 0.4818123370981755 0.24858289885297183 0.4343127715030408
3 0.7586976016684046 0.47585664639443964 0.7593096976016684 0.48252128583840137 0.7602273201251304 0.4850721112076455 0.7697132429614181 0.4866029539530843 0.8878248175182482 0.4705325803649001 0.889660062565172 0.4659409209383145 0.8982283628779979 0.46568549087749783 0.9031240875912409 0.4605838401390095 0.9003701772679875 0.45522675933970463 0.8957799791449427 0.4549721980886186 0.8911897810218977 0.4539513466550826 0.8752784150156413 0.45573761946133795
4 0.7720083420229406 0.48732841007819283 0.7461522419186652 0.6758132059079062 0.7492116788321168 0.6821902693310166 0.7611449426485922 0.6819357080799305 0.7666527632950991 0.6765786272806255 0.7874598540145985 0.48430668983492614
4 0.8463628779979145 0.47585664639443964 0.8645693430656934 0.632511728931364 0.8768091762252347 0.6330217202432666 0.8810928050052137 0.6302163336229366 0.8608978102189782 0.4738488271068636
2 0.7779749739311783 0.5783440486533449 0.775221063607925 0.594503909643788 0.8232606882168926 0.576648132059079 0.857531803962461 0.5827697654213727 0.856919708029197 0.5534352736750652
2 0.755851929092805 0.5844517810599479 0.7529124087591241 0.6186872284969592 0.10613138686131388 0.5294769765421373 0.106718456725756 0.521144222415291 0.08915015641293014 0.5162423979148567 0.08385818561001043 0.5025178105994788 0.73888842544317 0.5887871416159861
6 0.24486444212721584 0.40267506516072976 0.24298123044838374 0.4121112076455256 0.09103962460896768 0.4197002606429192 0.0803660062565172 0.41943874891398786 0.08005213764337851 0.41341963509991314 0.09166736183524506 0.4136811468288445
4 0.10406777893639207 0.41915291051259773 0.10202711157455682 0.4584326672458731 0.11803753910323253 0.45581581233709817 0.11929301355578728 0.41839183318853174
4 0.19918769551616267 0.4152293657688966 0.20844838373305524 0.44299218071242397 0.2219478623566215 0.44142224152910514 0.21252971845672575 0.4128957428323197
4 0.09794577685088635 0.5195925282363163 0.09574869655891553 0.5745655951346655 0.09794577685088635 0.5779678540399652 0.10799165797705942 0.5771824500434405 0.11207299270072991 0.5735186794092094 0.11332846715328468 0.5279817549956559 0.10610844629822731 0.5274587315377932 0.10673618352450469 0.5193457862728063
0 0.08133472367049009 0.4135534317984361 0.08133472367049009 0.41876629018245004 0.09906152241918666 0.41963509991311904 0.09906152241918666 0.4596003475238923 0.08967674661105318 0.46568201563857514 0.08759124087591241 0.5082536924413553 0.08967674661105318 0.5143353605560382 0.09697601668404589 0.5178105994787141 0.09697601668404589 0.573414422241529 0.10010427528675704 0.5760208514335361 0.1105318039624609 0.5716768027801912 0.11157455683003129 0.5482189400521286 0.11991657977059438 0.529105125977411 0.12408759124087591 0.529105125977411 0.278415015641293 0.5499565595134666 0.30031282586027114 0.5490877497827976 0.3420229405630866 0.5595134665508253 0.3983315954118874 0.5647263249348393 0.42231491136600624 0.5708079930495221 0.7320125130344108 0.6133796698523023 0.7518248175182481 0.6194613379669852 0.7476538060479666 0.6646394439617723 0.7476538060479666 0.6768027801911382 0.7518248175182481 0.680278019113814 0.7653806047966631 0.6759339704604691 0.7716371220020855 0.6046915725456126 0.7768508863399375 0.5916594265855778 0.8206465067778936 0.577758470894874 0.8415015641293013 0.5760208514335361 0.8592283628779979 0.5855777584708949 0.8654848800834203 0.629887054735013 0.872784150156413 0.63249348392702 0.8800834202294057 0.6281494352736751 0.8706986444212722 0.5551694178974804 0.8915537017726799 0.5195482189400521 0.8978102189781022 0.46568201563857514 0.9040667361835245 0.4483058210251955 0.9176225234619395 0.366637706342311 0.9103232533889468 0.35881841876629017 0.8894681960375391 0.3509991311902693 0.616266944734098 0.3310165073848827 0.4118873826903024 0.3214596003475239 0.2794577685088634 0.3188531711555169 0.2669447340980188 0.3205907906168549 0.2596454640250261 0.3266724587315378 0.24608967674661106 0.3970460469157255 0.23670490093847757 0.40486533449174633