1 0.2711157455683003 0.32435534317984366 0.8463680917622524 0.3579435273675065 0.872436913451512 0.3608410078192876 0.8602711157455682 0.4101007819287576 0.8133472367049009 0.4115499565595135 0.656934306569343 0.4101007819287576 0.6551960375391032 0.4810929626411816 0.2659019812304484 0.4463214596003475 0.26068821689259647 0.37677845351867945
5 0.13034410844629823 0.38517202432667247 0.2502606882168926 0.3840225890529974 0.2693774765380605 0.44052562988705474 0.13555787278415016 0.46805299739357087
5 0.6882168925964547 0.42209643788010426 0.808133472367049 0.4115499565595135 0.808133472367049 0.4260382276281494 0.7194994786235662 0.4376281494352737 0.7108102189781023 0.4955803649000869 0.676051094890511 0.5042736750651607
3 0.8706986444212722 0.40254821894005216 0.9193607924921794 0.4115499565595135 0.9158842544316996 0.5738166811468288 0.7629478623566215 0.6303205907906169 0.73166527632951 0.6230764552562988 0.7247132429614181 0.44052562988705474
7 0.26068821689259647 0.4503327541268462 0.6586725755995829 0.48399044309296263 0.662148070907195 0.5071711555169418 0.7142857142857143 0.49992701998262384 0.7177612095933263 0.5607775847089488 0.10079979144942648 0.5028245004344049 0.1251303441084463 0.4637072111207645
2 0.10427528675703858 0.5111494352736751 0.7229749739311783 0.5709192006950479 0.73166527632951 0.624524761077324 0.7021199165797706 0.6230764552562988 0.7003826903023984 0.6346663770634231 0.1494608967674661 0.5738166811468288 0.12339207507820646 0.5520842745438749
4 0.11470281543274244 0.5545899218071242 0.13555787278415016 0.5622258905299738 0.13381960375391033 0.5998948740225891 0.11991657977059438 0.5998948740225891
4 0.7116788321167883 0.6240947002606428 0.7403545359749739 0.6259739357080799 0.7212377476538061 0.6448088618592528 0.7229749739311783 0.6665403996524761 0.7038581856100105 0.6722371850564727
4 0.8550573514077163 0.600115551694179 0.9054567257559958 0.5824109470026064 0.8776506777893639 0.6070408340573414 0.8741741397288842 0.6244265855777585 0.8550573514077163 0.6244265855777585
6 0.2529395203336809 0.36722589052997395 0.08208237747653806 0.38658470894874025 0.07494473409801877 0.40592267593397047 0.07762148070907195 0.5487289313640312 0.08029822732012513 0.5598853171155517 0.09635766423357664 0.5576542137271937 0.10081856100104275 0.5405473501303214 0.09635766423357664 0.502614248479583 0.1204473409801877 0.46170634231103386 0.12847758081334723 0.4602189400521286 0.12133993743482795 0.3850964378801042 0.255169968717414 0.381377932232841
0 0.07924921793534932 0.3970460469157255 0.07924921793534932 0.5508253692441355 0.0886339937434828 0.5603822762814944 0.12304483837330553 0.5664639443961772 0.12825860271115747 0.6029539530842746 0.13451511991657977 0.5994787141615986 0.13555787278415016 0.5655951346655083 0.15849843587069865 0.576889661164205 0.18248175182481752 0.580364900086881 0.3295099061522419 0.5933970460469157 0.7049009384775808 0.6368375325803649 0.7069864442127216 0.6681146828844483 0.7132429614181439 0.6707211120764552 0.7163712200208551 0.6681146828844483 0.7194994786235662 0.6368375325803649 0.7789363920750783 0.6255430060816681 0.8415015641293013 0.6064291920069504 0.8571428571428571 0.6107732406602954 0.8581856100104275 0.6246741963509991 0.8633993743482794 0.6246741963509991 0.8696558915537018 0.5994787141615986 0.9071949947862357 0.5890529973935708 0.9176225234619395 0.577758470894874 0.9186652763295099 0.4135534317984361 0.9103232533889468 0.4092093831450912 0.8712200208550573 0.40660295395308427 0.8602711157455682 0.40139009556907035 0.8644421272158499 0.3631624674196351 0.8498435870698644 0.35534317984361424 0.32429614181439 0.3310165073848827 0.27007299270072993 0.32580364900086883 0.26277372262773724 0.3327541268462207 0.25547445255474455 0.37011294526498695 0.251303441084463 0.3735881841876629 0.10531803962460896 0.38748913987836664 0.08654848800834203 0.39183318853171156