0 0.03827751196172249 0.5159574468085106 0.049441786283891544 0.5851063829787234 0.04784688995215311 0.6946808510638298 0.05422647527910686 0.7170212765957447 0.044657097288676235 0.7723404255319148 0.049441786283891544 0.7797872340425532 0.06379585326953748 0.7297872340425532 0.09728867623604466 0.7063829787234043 0.11483253588516747 0.7127659574468085 0.14992025518341306 0.7138297872340426 0.15629984051036683 0.7340425531914894 0.1674641148325359 0.7159574468085106 0.17703349282296652 0.7106382978723405 0.24720893141945774 0.7159574468085106 0.2727272727272727 0.7095744680851064 0.2822966507177033 0.7127659574468085 0.3141945773524721 0.7095744680851064 0.3524720893141946 0.7212765957446808 0.3652312599681021 0.7159574468085106 0.3939393939393939 0.7223404255319149 0.39872408293460926 0.7191489361702128 0.4513556618819777 0.7223404255319149 0.4688995215311005 0.7329787234042553 0.47368421052631576 0.8191489361702128 0.4800637958532695 0.8170212765957446 0.48325358851674644 0.7457446808510638 0.4944178628389155 0.725531914893617 0.5215311004784688 0.7244680851063829 0.5311004784688995 0.7180851063829787 0.5598086124401914 0.725531914893617 0.5933014354066986 0.7180851063829787 0.6156299840510366 0.7265957446808511 0.6379585326953748 0.7191489361702128 0.6570972886762361 0.725531914893617 0.7623604465709729 0.7202127659574468 0.7974481658692185 0.7244680851063829 0.8054226475279107 0.7297872340425532 0.810207336523126 0.7446808510638298 0.8133971291866029 0.7287234042553191 0.8341307814992025 0.7223404255319149 0.8596491228070176 0.723404255319149 0.8755980861244019 0.7382978723404255 0.8995215311004785 0.7936170212765957 0.9090909090909091 0.7936170212765957 0.9074960127591707 0.7755319148936171 0.8995215311004785 0.7659574468085106 0.89792663476874 0.7361702127659574 0.9138755980861244 0.723404255319149 0.9250398724082934 0.7223404255319149 0.9330143540669856 0.7095744680851064 0.9266347687400319 0.5191489361702127 0.9218500797448166 0.5074468085106383 0.9090909090909091 0.5 0.886762360446571 0.4946808510638298 0.8596491228070176 0.4968085106382979 0.8500797448165869 0.48829787234042554 0.8484848484848485 0.47127659574468084 0.7751196172248804 0.48617021276595745 0.7288676236044657 0.475531914893617 0.7145135566188198 0.5031914893617021 0.6283891547049442 0.5042553191489362 0.5933014354066986 0.5180851063829788 0.5661881977671451 0.5053191489361702 0.5103668261562998 0.5085106382978724 0.42902711323763953 0.4957446808510638 0.4178628389154705 0.5042553191489362 0.42105263157894735 0.526595744680851 0.41467304625199364 0.5308510638297872 0.30303030303030304 0.5319148936170213 0.2934609250398724 0.4787234042553192 0.20574162679425836 0.48404255319148937 0.1467304625199362 0.4797872340425532 0.06539074960127592 0.5031914893617021
5 0.14832535885167464 0.4808510638297872 0.14354066985645933 0.4957446808510638 0.16905901116427433 0.6138297872340426 0.29984051036682613 0.6106382978723405 0.30303030303030304 0.5712765957446808 0.2934609250398724 0.4797872340425532 0.2158421052631579 0.48617021276595745
5 0.42105263157894735 0.5010638297872341 0.42105263157894735 0.5148936170212766 0.4354066985645933 0.5404255319148936 0.43221690590111644 0.5957446808510638 0.42105263157894735 0.6202127659574468 0.5167464114832536 0.6180851063829788 0.580542264752791 0.6223404255319149 0.5773524720893142 0.5340425531914894 0.5709728867623605 0.5127659574468085 0.5598086124401914 0.5085106382978724 0.49920255183413076 0.5095744680851064 0.4370015948963317 0.4968085106382979
5 0.7256778309409888 0.4808510638297872 0.7145135566188198 0.5723404255319149 0.7033492822966507 0.6117021276595744 0.8437001594896332 0.6191489361702127 0.84688995215311 0.6074468085106383 0.8405103668261563 0.5914893617021276 0.8389154704944178 0.551063829787234 0.8500797448165869 0.4734042553191489 0.835725677830941 0.4734042553191489 0.7862838915470495 0.48829787234042554 0.7368421052631579 0.4765957446808511
7 0.11164274322169059 0.6436170212765957 0.11004784688995216 0.6510638297872341 0.10366826156299841 0.6531914893617021 0.10526315789473684 0.6734042553191489 0.11164274322169059 0.6808510638297872 0.12280701754385964 0.6819148936170213 0.405103668261563 0.6840425531914893 0.529505582137161 0.6893617021276596 0.569377990430622 0.6882978723404255 0.5853269537480064 0.6829787234042554 0.6124401913875598 0.6872340425531915 0.8740031897926634 0.6861702127659575 0.8883572567783095 0.675531914893617 0.886762360446571 0.6414893617021277 0.8724082934609251 0.6329787234042553 0.8484848484848485 0.6234042553191489 0.7655502392344498 0.6170212765957447 0.6331738437001595 0.6159574468085106 0.569377990430622 0.6287234042553191 0.5231259968102073 0.6223404255319149 0.44657097288676234 0.6223404255319149 0.4098883572567783 0.6276595744680851 0.38118022328548645 0.6191489361702127 0.34290271132376393 0.6148936170212767 0.215311004784689 0.6159574468085106 0.1467304625199362 0.624468085106383
2 0.10526315789473684 0.6893617021276596 0.10845295055821372 0.7106382978723405 0.14513556618819776 0.7138297872340426 0.4944178628389155 0.7202127659574468 0.6523125996810207 0.7170212765957447 0.6698564593301436 0.7202127659574468 0.8532695374800638 0.7212765957446808 0.8644338118022329 0.7202127659574468 0.8931419457735247 0.7063829787234043 0.8931419457735247 0.6957446808510638 0.8835725677830941 0.6882978723404255 0.8421052631578947 0.6861702127659575 0.48325358851674644 0.6914893617021277 0.4130781499202552 0.6882978723404255 0.36363636363636365 0.6808510638297872 0.18660287081339713 0.6808510638297872 0.11164274322169059 0.6840425531914893
4 0.04146730462519936 0.7595744680851064 0.03987240829346093 0.7829787234042553 0.046251993620414676 0.7851063829787234 0.05422647527910686 0.7797872340425532 0.06698564593301436 0.7287234042553191 0.05422647527910686 0.7148936170212766
4 0.4688995215311005 0.7287234042553191 0.4688995215311005 0.8191489361702128 0.4768740031897927 0.8202127659574469 0.4864433811802233 0.7297872340425532
4 0.8676236044657097 0.7244680851063829 0.89792663476874 0.7957446808510639 0.9090909090909091 0.7978723404255319 0.9090909090909091 0.7734042553191489 0.8963317384370016 0.723404255319149 0.8883572567783095 0.7180851063829787
4 0.1547049441786284 0.7159574468085106 0.15629984051036683 0.7372340425531915 0.16267942583732056 0.7340425531914894 0.16427432216905902 0.7159574468085106
4 0.8054226475279107 0.725531914893617 0.810207336523126 0.747872340425532 0.8149920255183413 0.7287234042553191
6 0.03668261562998405 0.5170212765957447 0.04784688995215311 0.5692276595744681 0.04784688995215311 0.7031914893617022 0.05422647527910686 0.7202127659574468 0.0733652312599681 0.723404255319149 0.10047846889952153 0.7042553191489361 0.09888357256778309 0.6574468085106383 0.10366826156299841 0.6478723404255319 0.14832535885167464 0.6191489361702127 0.1547049441786284 0.6053191489361702 0.14832535885167464 0.5148936170212766 0.1371610845295056 0.4925531914893617 0.11802232854864433 0.49148936170212765 0.07017543859649122 0.5010638297872341
3 0.8452950558213717 0.5223404255319148 0.8437001594896332 0.5840425531914893 0.8532695374800638 0.6180851063829788 0.8915470494417863 0.6457446808510638 0.8883572567783095 0.6829787234042554 0.89792663476874 0.7170212765957447 0.9043062200956937 0.723404255319149 0.9250398724082934 0.7223404255319149 0.9409888357256778 0.7031914893617022 0.9425837320574163 0.6819148936170213 0.9298245614035088 0.5968085106382979 0.9250398724082934 0.5095744680851064 0.9106858054226475 0.5 0.8755980861244019 0.4946808510638298 0.8532695374800638 0.5010638297872341
0 0.03827751196172249 0.5148936170212766 0.03668261562998405 0.5308510638297872 0.046251993620414676 0.551063829787234 0.04784688995215311 0.5771276595744681 0.044657097288676235 0.7829787234042553 0.05422647527910686 0.776595744680851 0.07017543859649122 0.725531914893617 0.09090909090909091 0.7127659574468085 0.10685805422647528 0.7117021276595744 0.14354066985645933 0.7180851063829787 0.13078149920255183 0.7585106382978724 0.1419457735247209 0.7340425531914894 0.15311004784688995 0.7319148936170212 0.1594896331738437 0.7351063829787234 0.16427432216905902 0.7223404255319149 0.1722488038277512 0.7212765957446808 0.17703349282296652 0.7138297872340426 0.21850079744816586 0.7138297872340426 0.24082934609250398 0.7180851063829787 0.27910685805422647 0.7138297872340426 0.3094098883572568 0.7159574468085106 0.3492822966507177 0.725531914893617 0.45454545454545453 0.7265957446808511 0.4688995215311005 0.7361702127659574 0.47208931419457734 0.8191489361702128 0.4800637958532695 0.8170212765957446 0.48325358851674644 0.747872340425532 0.49122807017543857 0.7297872340425532 0.5311004784688995 0.7244680851063829 0.7878787878787878 0.7244680851063829 0.8006379585326954 0.725531914893617 0.8086124401913876 0.7446808510638298 0.8133971291866029 0.7367021276595744 0.8421052631578947 0.7244680851063829 0.8628389154704944 0.725531914893617 0.8835725677830941 0.7542553191489362 0.89792663476874 0.7936170212765957 0.9011164274322169 0.7968085106382978 0.9106858054226475 0.7936170212765957 0.8995215311004785 0.7414893617021276 0.9154704944178629 0.7244680851063829 0.9250398724082934 0.723404255319149 0.9330143540669856 0.7159574468085106 0.9393939393939394 0.6829787234042554 0.9266347687400319 0.5159574468085106 0.9106858054226475 0.5 0.8883572567783095 0.4946808510638298 0.8580542264752791 0.4968085106382979 0.84688995215311 0.4723404255319149 0.7894736842105263 0.48723404255319147 0.773524720893142 0.48723404255319147 0.7288676236044657 0.4765957446808511 0.7240829346092504 0.49361702127659574 0.7125199362041468 0.5031914893617021 0.631578947368421 0.5042553191489362 0.5885167464114832 0.5223404255319148 0.5614035087719298 0.5074468085106383 0.5167464114832536 0.5095744680851064 0.43381180223285487 0.4978723404255319 0.42105263157894735 0.502127659574468 0.4226475279106858 0.5180851063829788 0.4130781499202552 0.526595744680851 0.39074960127591707 0.5308510638297872 0.3014354066985646 0.5319148936170213 0.291866028708134 0.4808510638297872 0.2503987240829346 0.48617021276595745 0.1594896331738437 0.4829787234042553 0.15311004784688995 0.49042553191489363 0.12121212121212122 0.49042553191489363 0.07655502392344497 0.498936170212766