1 0.25620646506777894 0.3652849695916594 0.2542502606882169 0.389251954821894 0.2614212721584984 0.3952302345786273 0.27967570385818563 0.4490338835794961 0.6884316996871741 0.4620773240660295 0.6884316996871741 0.42946915725456125 0.6969061522419187 0.4175125977410947 0.7008175182481752 0.40012163336229367 0.7008175182481752 0.39033883579496087 0.7086412930135558 0.37946915725456126 0.7855683003128259 0.3778392701998262 0.8657549530761209 0.3816437880104257 0.8657549530761209 0.34957862728062555 0.8624953076120959 0.3414265855777585 0.8416329509906152 0.3414265855777585 0.27120020855057353 0.3593614248479583
5 0.2522940563086548 0.3889131190269331 0.11538998957247133 0.3919695916594266 0.10495933263816476 0.3963171155516942 0.10495933263816476 0.40283927019982624 0.1206058394160584 0.45881668114682883 0.12712513034410844 0.46044743701129454 0.1486381647549531 0.45392528236316243 0.2829353493222106 0.45012076455256306 0.26076955161626697 0.39033883579496087
5 0.7177674661105319 0.3807654213727194 0.7053816475495308 0.3870781928757602 0.7047288842544317 0.40012163336229367 0.6988623566214807 0.4109913119026933 0.6942982273201251 0.41914335360556043 0.6916913451511991 0.43327367506516073 0.6897351407716371 0.4533822762814943 0.6956027111574556 0.465881841876629 0.6982095933263817 0.4767515204170287 0.7079885297184567 0.4810990443092963 0.7203753910323254 0.4762076455256299 0.7366736183524505 0.4702293657688966 0.7581866527632951 0.45881668114682883 0.7660104275286758 0.40446915725456123 0.7731814389989572 0.3876211989574283 0.7862200208550574 0.38055690703735884 0.7803524504692387 0.37729539530842743
6 0.11538998957247133 0.3905430060816681 0.08996558915537017 0.3919695916594266 0.0801866527632951 0.3995777584708949 0.08149009384775809 0.526750651607298 0.08540250260688216 0.5294682884448306 0.09713660062565171 0.5343596872284969 0.09583315954118873 0.5229461337966985 0.09648488008342022 0.5109904430929626 0.10756725755995829 0.5077289313640312 0.09909280500521377 0.49849000868809723 0.10039624608967675 0.47131624674196354 0.1069155370177268 0.47131624674196354 0.12321376433785193 0.4620773240660295 0.10495933263816476 0.4039261511728931 0.11213138686131388 0.39577410947002606
2 0.09289885297184568 0.5119426585577759 0.0977883211678832 0.5294682884448306 0.7666621480709073 0.5843588184187662 0.7581866527632951 0.5468592528236316 0.1062638164754953 0.5071859252823632
7 0.10169968717413973 0.4728340573414422 0.10039624608967675 0.5028384013900956 0.10952346193952034 0.5077289313640312 0.7314577685088633 0.5430547350130321 0.7490604796663192 0.5370764552562989 0.7477559958289884 0.5245768896611642 0.7503639207507821 0.49088184187662903 0.745800834202294 0.4838166811468289 0.737325338894682 0.47349087749782803 0.7249395203336809 0.4762076455256299 0.7092930135557872 0.4810990443092963 0.6962544316996871 0.47838140747176366 0.6969061522419187 0.4707732406602954 0.6923430656934306 0.4637080799304952 0.6871272158498436 0.4593605560382277 0.27511157455683005 0.45175152041702865 0.15189781021897808 0.4555560382276282 0.12582168925964546 0.46479496090356215 0.11864963503649635 0.46044743701129454
4 0.11473826903023984 0.5321859252823632 0.11604275286757038 0.5887072111207645 0.12712513034410844 0.5859895742832321 0.12647340980187696 0.5300112945264988
4 0.30379666319082377 0.544141615986099 0.3031449426485923 0.5626203301476976 0.3122711157455683 0.5631633362293658 0.3122711157455683 0.544141615986099
4 0.48209697601668405 0.5608279756733275 0.48307507820646506 0.5925108601216333 0.49741814389989575 0.5930547350130322 0.4961136600625652 0.5620764552562989
4 0.7255912408759124 0.5820121633362293 0.7268946819603753 0.6609887054735013 0.7379770594369135 0.6582719374456995 0.7366736183524505 0.5897940920938314 0.803169968717414 0.5963153779322329 0.8435891553701772 0.5789244135534318 0.8435891553701772 0.6077280625543006 0.8540198123044839 0.6050112945264987 0.8546715328467154 0.5756637706342311 0.9126934306569343 0.5550112945264987 0.9126934306569343 0.5517506516072981 0.8018654848800835 0.5876203301476977
3 0.7940427528675703 0.37750651607298 0.7751366006256517 0.3813588184187663 0.7679655891553703 0.39929365768896613 0.7660104275286758 0.4183145091225022 0.7575349322210636 0.43950999131190266 0.7536235662148071 0.4732059079061685 0.7536235662148071 0.49331450912250213 0.7529718456725756 0.5183136403127715 0.7555797705943691 0.547118158123371 0.7666621480709073 0.5851615986099044 0.7986058394160584 0.5862484795829713 0.9179082377476538 0.547118158123371 0.9185599582898853 0.3895108601216334 0.9042179353493222 0.3895108601216334 0.8807486965589155 0.38407645525629885
0 0.08133472367049009 0.3996524761077324 0.08133472367049009 0.526498696785404 0.11574556830031282 0.5435273675065161 0.11887382690302398 0.5838401390095569 0.1261730969760167 0.578627280625543 0.12408759124087591 0.5456125108601216 0.1386861313868613 0.5308427454387489 0.2930135557872784 0.5447437011294527 0.3044838373305527 0.5499565595134666 0.30656934306569344 0.5595134665508253 0.3180396246089677 0.5456125108601216 0.47236704900938475 0.5586446568201564 0.48279457768508866 0.5664639443961772 0.48279457768508866 0.5881841876629018 0.4869655891553702 0.5916594265855778 0.4942648592283629 0.5916594265855778 0.49530761209593327 0.5708079930495221 0.5036496350364964 0.5621198957428323 0.7236704900938478 0.578627280625543 0.7267987486965589 0.5821025195482189 0.7267987486965589 0.6550825369244135 0.7340980187695516 0.6576889661164205 0.7382690302398331 0.5916594265855778 0.7497393117831074 0.5890529973935708 0.7966631908237748 0.5933970460469157 0.8383733055265902 0.578627280625543 0.8467153284671532 0.5876046915725456 0.8467153284671532 0.6020851433536055 0.8498435870698644 0.6046915725456126 0.8592283628779979 0.5716768027801912 0.9051094890510949 0.5569070373588184 0.9165797705943691 0.5438748913987836 0.9176225234619395 0.3970460469157255 0.9113660062565172 0.39009556907037357 0.862356621480709 0.3814074717636838 0.862356621480709 0.3466550825369244 0.8508863399374348 0.34057341442224154 0.6068821689259646 0.34491746307558646 0.5808133472367049 0.3483927019982624 0.26903023983315955 0.36055603822762816 0.2586027111574557 0.365768896611642 0.25651720542231493 0.37706342311033886 0.2467851929092805 0.39270199826238056 0.1105318039624609 0.39009556907037357 0.0886339937434828 0.39270199826238056