5 0.125 0.06524064171122995 0.12434895833333333 0.08449197860962566 0.126953125 0.09518716577540107 0.13346354166666666 0.10695187165775401 0.13216145833333334 0.11229946524064172 0.13671875 0.13368983957219252 0.14322916666666666 0.1411764705882353 0.14322916666666666 0.14759358288770053 0.14713541666666666 0.15401069518716579 0.15104166666666666 0.19037433155080213 0.14973958333333334 0.19679144385026737 0.16015625 0.20962566844919786 0.16341145833333334 0.22139037433155082 0.16341145833333334 0.2374331550802139 0.16796875 0.24171122994652405 0.16796875 0.24812834224598931 0.17447916666666666 0.2620320855614973 0.189453125 0.26844919786096255 0.3899739583333333 0.3037433155080214 0.4016927083333333 0.30053475935828877 0.41015625 0.30802139037433157 0.4173177083333333 0.3304812834224599 0.416015625 0.4021390374331551 0.41796875 0.4128342245989305 0.4427083333333333 0.40855614973262033 0.4876302083333333 0.3871657754010695 0.5260416666666666 0.3775401069518717 0.6295572916666666 0.36684491978609624 0.64453125 0.35401069518716577 0.6510416666666666 0.35508021390374334 0.6653645833333334 0.34545454545454546 0.6959635416666666 0.3336898395721925 0.7298177083333334 0.32727272727272727 0.7623697916666666 0.32941176470588235 0.775390625 0.3229946524064171 0.7799479166666666 0.306951871657754 0.7766927083333334 0.2909090909090909 0.7630208333333334 0.2663101604278075 0.7526041666666666 0.20427807486631017 0.7395833333333334 0.15080213903743314 0.7161458333333334 0.08449197860962566 0.703125 0.038502673796791446 0.6946614583333334 0.022459893048128343 0.6953125 0.012834224598930482 0.689453125 0.006417112299465241 0.64453125 0.028877005347593583 0.6223958333333334 0.033155080213903745 0.5735677083333334 0.028877005347593583 0.533203125 0.013903743315508022 0.5234375 0.019251336898395723 0.513671875 0.014973262032085561 0.4713541666666667 0.0481283422459893 0.4427083333333333 0.05561497326203209 0.3938802083333333 0.053475935828877004 0.3385416666666667 0.03529411764705882 0.3307291666666667 0.04171122994652406 0.3203125 0.039572192513368985 0.3157552083333333 0.052406417112299465 0.306640625 0.059893048128342244 0.2779947916666667 0.07593582887700535 0.2643229166666667 0.07807486631016043 0.17057291666666666 0.08342245989304813 0.150390625 0.07593582887700535 0.13606770833333334 0.06524064171122995
7 0.4134114583333333 0.4235294117647059 0.4166666666666667 0.4288770053475936 0.4153645833333333 0.6427807486631016 0.4114583333333333 0.6759358288770053 0.4134114583333333 0.6866310160427808 0.4186197916666667 0.6909090909090909 0.494140625 0.6716577540106952 0.5013020833333334 0.6641711229946524 0.5377604166666666 0.6502673796791444 0.5533854166666666 0.651336898395722 0.6080729166666666 0.6235294117647059 0.951171875 0.49625668449197863 0.9583333333333334 0.38823529411764707 0.953125 0.3764705882352941 0.939453125 0.3679144385026738 0.88671875 0.3497326203208556 0.8118489583333334 0.3358288770053476 0.7552083333333334 0.3336898395721925 0.6907552083333334 0.3433155080213904 0.6165364583333334 0.3754010695187166 0.54296875 0.38288770053475935 0.5026041666666666 0.3925133689839572 0.4615885416666667 0.4053475935828877 0.447265625 0.4160427807486631 0.419921875 0.41818181818181815
2 0.4140625 0.6951871657754011 0.4114583333333333 0.9208556149732621 0.7044270833333334 0.7893048128342246 0.9375 0.679144385026738 0.9388020833333334 0.6727272727272727 0.9440104166666666 0.6716577540106952 0.9446614583333334 0.6352941176470588 0.94921875 0.627807486631016 0.9518229166666666 0.560427807486631 0.94921875 0.5368983957219251 0.953125 0.5026737967914439 0.9466145833333334 0.4994652406417112 0.9251302083333334 0.506951871657754 0.7135416666666666 0.5850267379679145 0.5670572916666666 0.6438502673796791
6 0.004557291666666667 0.2877005347593583 0.0032552083333333335 0.3946524064171123 0.005859375 0.4748663101604278 0.005859375 0.651336898395722 0.0078125 0.7593582887700535 0.010416666666666666 0.7828877005347593 0.009114583333333334 0.8010695187165775 0.012369791666666666 0.825668449197861 0.061197916666666664 0.8470588235294118 0.203125 0.893048128342246 0.21354166666666666 0.9005347593582887 0.337890625 0.9433155080213904 0.3600260416666667 0.9454545454545454 0.408203125 0.9219251336898395 0.4114583333333333 0.9122994652406418 0.4134114583333333 0.827807486631016 0.412109375 0.704812834224599 0.4153645833333333 0.453475935828877 0.4147135416666667 0.41711229946524064 0.4095052083333333 0.4 0.412109375 0.3893048128342246 0.41015625 0.38288770053475935 0.4140625 0.3732620320855615 0.4147135416666667 0.34010695187165774 0.4108072916666667 0.32085561497326204 0.4016927083333333 0.31122994652406416 0.3802083333333333 0.3037433155080214 0.07096354166666667 0.25133689839572193 0.022135416666666668 0.2631016042780749 0.009114583333333334 0.2748663101604278
3 0.744140625 0.15828877005347594 0.748046875 0.18609625668449198 0.7565104166666666 0.21711229946524063 0.7610677083333334 0.2545454545454545 0.775390625 0.28342245989304815 0.7819010416666666 0.2887700534759358 0.7884114583333334 0.3240641711229946 0.7916666666666666 0.3304812834224599 0.837890625 0.3358288770053476 0.8932291666666666 0.34866310160427805 0.935546875 0.36363636363636365 0.9576822916666666 0.3786096256684492 0.9609375 0.39358288770053473 0.955078125 0.45240641711229945 0.9544270833333334 0.520855614973262 0.9537760416666666 0.5294117647058824 0.94921875 0.5390374331550802 0.953125 0.5454545454545454 0.953125 0.5732620320855615 0.9453125 0.5893048128342246 0.9459635416666666 0.5946524064171123 0.9524739583333334 0.5989304812834224 0.953125 0.613903743315508 0.9505208333333334 0.6417112299465241 0.9453125 0.6470588235294118 0.9498697916666666 0.6620320855614973 0.9446614583333334 0.6759358288770053 0.9596354166666666 0.679144385026738 0.9615885416666666 0.6737967914438503 0.984375 0.6609625668449198 0.9908854166666666 0.38823529411764707 0.9954427083333334 0.30053475935828877 0.99609375 0.21283422459893048 0.9928385416666666 0.19893048128342247 0.98046875 0.18609625668449198 0.9563802083333334 0.18074866310160428
1 0.556640625 0.012834224598930482 0.5572916666666666 0.019251336898395723 0.5865885416666666 0.026737967914438502 0.6373697916666666 0.026737967914438502 0.6497395833333334 0.022459893048128343 0.6529947916666666 0.014973262032085561 0.6510416666666666 0.0106951871657754 0.6321614583333334 0.0032085561497326204
1 0.3684895833333333 0.034224598930481284 0.3671875 0.039572192513368985 0.369140625 0.0427807486631016 0.396484375 0.05026737967914439 0.4420572916666667 0.052406417112299465 0.482421875 0.03636363636363636 0.5006510416666666 0.01818181818181818 0.3893229166666667 0.028877005347593583
1 0.055338541666666664 0.10588235294117647 0.05859375 0.24919786096256685 0.11067708333333333 0.25775401069518716 0.12369791666666667 0.25240641711229944 0.12630208333333334 0.25882352941176473 0.15755208333333334 0.2631016042780749 0.15690104166666666 0.2449197860962567 0.14518229166666666 0.2053475935828877 0.13020833333333334 0.11657754010695187 0.119140625 0.08128342245989305 0.11848958333333333 0.06631016042780749 0.13411458333333334 0.057754010695187166 0.13671875 0.06096256684491978 0.14713541666666666 0.058823529411764705 0.15299479166666666 0.06417112299465241 0.15234375 0.07058823529411765 0.15755208333333334 0.07379679144385026 0.18489583333333334 0.08128342245989305 0.2688802083333333 0.07272727272727272 0.294921875 0.06203208556149733 0.310546875 0.0481283422459893 0.31640625 0.034224598930481284 0.326171875 0.029946524064171122 0.3138020833333333 0.028877005347593583 0.3046875 0.040641711229946524 0.2897135416666667 0.0427807486631016 0.11588541666666667 0.05668449197860963 0.08984375 0.06310160427807486 0.061197916666666664 0.08235294117647059
4 0.927734375 0.6887700534759358 0.9270833333333334 0.7101604278074867 0.9296875 0.7144385026737968 0.9544270833333334 0.7165775401069518 0.9596354166666666 0.7133689839572193 0.9602864583333334 0.6770053475935829
4 0.046875 0.8438502673796792 0.047526041666666664 0.8770053475935828 0.050130208333333336 0.8887700534759359 0.072265625 0.8919786096256684 0.08528645833333333 0.8877005347593583 0.087890625 0.8834224598930481 0.087890625 0.8577540106951872
4 0.328125 0.948663101604278 0.3274739583333333 0.9828877005347594 0.33203125 0.9946524064171123 0.3404947916666667 0.9989304812834224 0.3561197916666667 0.9989304812834224 0.3658854166666667 0.9946524064171123 0.3717447916666667 0.9871657754010695 0.373046875 0.9454545454545454 0.3509114583333333 0.9497326203208556 0.330078125 0.9433155080213904
0 0.0032552083333333335 0.2962566844919786 0.007161458333333333 0.7240641711229947 0.01171875 0.8245989304812834 0.016276041666666668 0.8299465240641711 0.044270833333333336 0.8406417112299466 0.050130208333333336 0.8887700534759359 0.072265625 0.8919786096256684 0.08463541666666667 0.8877005347593583 0.087890625 0.8802139037433155 0.08919270833333333 0.8556149732620321 0.09505208333333333 0.8545454545454545 0.11588541666666667 0.8652406417112299 0.32421875 0.9390374331550803 0.328125 0.9422459893048128 0.3287760416666667 0.9475935828877006 0.328125 0.9871657754010695 0.3346354166666667 0.9957219251336898 0.3567708333333333 0.9967914438502674 0.3678385416666667 0.9925133689839573 0.3717447916666667 0.9850267379679144 0.3723958333333333 0.9443850267379679 0.3932291666666667 0.9315508021390374 0.8977864583333334 0.6973262032085561 0.9212239583333334 0.6877005347593583 0.9270833333333334 0.6978609625668449 0.9264322916666666 0.706951871657754 0.9290364583333334 0.7133689839572193 0.9537760416666666 0.7165775401069518 0.9596354166666666 0.7122994652406417 0.962890625 0.6759358288770053 0.9817708333333334 0.6641711229946524 0.9856770833333334 0.6577540106951871 0.99609375 0.24171122994652405 0.9928385416666666 0.2 0.9811197916666666 0.18716577540106952 0.953125 0.18074866310160428 0.740234375 0.1572192513368984 0.7102864583333334 0.06631016042780749 0.697265625 0.014973262032085561 0.689453125 0.0021390374331550803 0.6790364583333334 0.0042780748663101605 0.662109375 0.01818181818181818 0.6419270833333334 0.006417112299465241 0.6119791666666666 0.0042780748663101605 0.55859375 0.013903743315508022 0.5221354166666666 0.016042780748663103 0.51171875 0.012834224598930482 0.4869791666666667 0.0213903743315508 0.365234375 0.03208556149732621 0.3528645833333333 0.0374331550802139 0.3404947916666667 0.029946524064171122 0.3118489583333333 0.040641711229946524 0.12565104166666666 0.058823529411764705 0.119140625 0.05668449197860963 0.08463541666666667 0.06524064171122995 0.061848958333333336 0.08128342245989305 0.056640625 0.09732620320855614 0.0546875 0.12727272727272726 0.057942708333333336 0.2427807486631016 0.0546875 0.25240641711229944 0.013020833333333334 0.26844919786096255 0.005859375 0.279144385026738