1 0.20666666666666667 0.5133333333333333 0.7911113333333333 0.5133333333333333 0.8 0.5288886666666667 0.6933333333333334 0.5244446666666667 0.6666666666666666 0.6311113333333334 0.4 0.6288886666666667 0.37333333333333335 0.5333333333333333 0.30444466666666664 0.5288886666666667 0.21111133333333332 0.5333333333333333
5 0.177778 0.537778 0.3 0.5333333333333333 0.36666666666666664 0.537778 0.3933333333333333 0.6311113333333334 0.27777799999999997 0.642222 0.26444466666666666 0.6244446666666666 0.19333333333333333 0.6333333333333333 0.2 0.6044446666666667
5 0.6933333333333334 0.5311113333333334 0.8111113333333333 0.5288886666666667 0.7911113333333333 0.6111113333333333 0.7244446666666666 0.6155553333333333 0.677778 0.6311113333333334
7 0.2 0.6377780000000001 0.28 0.6333333333333333 0.3933333333333333 0.6311113333333334 0.47555533333333333 0.6311113333333334 0.6688886666666667 0.6244446666666666 0.722222 0.6311113333333334 0.7311113333333332 0.642222 0.8177779999999999 0.6511113333333334 0.8244446666666666 0.7066666666666667 0.17555533333333334 0.7044446666666666 0.16444466666666666 0.6666666666666666
6 0.1711113333333333 0.5688886666666666 0.19333333333333333 0.5844446666666667 0.19111133333333333 0.6311113333333334 0.16444466666666666 0.66 0.1711113333333333 0.7711113333333333 0.12 0.7733333333333333 0.12 0.5933333333333334
3 0.8155553333333334 0.5666666666666667 0.88 0.58 0.8822220000000001 0.78 0.8266666666666667 0.7755553333333334 0.8244446666666666 0.5955553333333333
2 0.17333333333333334 0.7111113333333333 0.8244446666666666 0.7088886666666667 0.8311113333333333 0.7844446666666666 0.1711113333333333 0.7733333333333333
4 0.13333333333333333 0.7822220000000001 0.16 0.777778 0.15555533333333332 0.7955553333333334 0.137778 0.8
4 0.8444446666666666 0.7822220000000001 0.8666666666666667 0.78 0.8711113333333332 0.797778 0.8511113333333333 0.8022220000000001
4 0.48888866666666664 0.7844446666666666 0.5133333333333333 0.777778 0.5133333333333333 0.7955553333333334 0.4955553333333333 0.8044446666666666
0 0.11733333333333333 0.6026666666666667 0.11733333333333333 0.7686666666666667 0.12 0.7753333333333333 0.12866666666666668 0.7786666666666666 0.13333333333333333 0.7933333333333333 0.13733333333333334 0.7966666666666666 0.8593333333333333 0.7953333333333333 0.8666666666666667 0.794 0.8713333333333333 0.7786666666666666 0.88 0.7766666666666666 0.882 0.7726666666666666 0.8833333333333333 0.714 0.886 0.7073333333333334 0.892 0.7046666666666667 0.894 0.6973333333333334 0.892 0.6613333333333333 0.888 0.6493333333333333 0.8893333333333333 0.6333333333333333 0.8833333333333333 0.5973333333333334 0.88 0.5886666666666667 0.866 0.58 0.8626666666666667 0.582 0.852 0.5806666666666667 0.8453333333333334 0.5873333333333334 0.8313333333333334 0.5866666666666667 0.8246666666666667 0.584 0.8166666666666667 0.5746666666666667 0.8033333333333333 0.5753333333333334 0.7993333333333333 0.57 0.804 0.5606666666666666 0.8053333333333333 0.5506666666666666 0.8106666666666666 0.544 0.8113333333333334 0.534 0.8093333333333333 0.5326666666666666 0.804 0.5353333333333333 0.7946666666666666 0.5306666666666666 0.7966666666666666 0.5253333333333333 0.794 0.5186666666666667 0.786 0.5153333333333333 0.5853333333333334 0.5133333333333333 0.24733333333333332 0.514 0.212 0.516 0.20533333333333334 0.5193333333333333 0.20066666666666666 0.5373333333333333 0.17866666666666667 0.5373333333333333 0.18733333333333332 0.5673333333333334 0.17333333333333334 0.5726666666666667 0.164 0.5733333333333334 0.124 0.5906666666666667 0.12 0.594