5 0.13988657844990549 0.43317972350230416 0.14555765595463138 0.4608294930875576 0.17296786389413987 0.532258064516129 0.1786389413988658 0.5910138248847926 0.40359168241965976 0.5771889400921659 0.3771266540642722 0.45506912442396313 0.3742911153119093 0.4447004608294931 0.3686200378071834 0.4400921658986175 0.31758034026465026 0.4470046082949309 0.2637051039697543 0.4308755760368664 0.23629489603024575 0.44585253456221197 0.21455576559546313 0.44815668202764974 0.19659735349716445 0.4423963133640553 0.1880907372400756 0.4447004608294931 0.15311909262759923 0.43202764976958524
5 0.6247637051039697 0.4423963133640553 0.6162570888468809 0.5207373271889401 0.6020793950850661 0.5794930875576036 0.7589792060491494 0.5841013824884793 0.832703213610586 0.5921658986175116 0.8393194706994329 0.5841013824884793 0.8393194706994329 0.5702764976958525 0.8686200378071833 0.4596774193548387 0.8752362948960303 0.44930875576036866 0.8761814744801513 0.434331797235023 0.8657844990548205 0.4308755760368664 0.7911153119092628 0.44585253456221197 0.7448015122873346 0.42857142857142855 0.6928166351606805 0.4470046082949309 0.6701323251417769 0.44815668202764974 0.6332703213610587 0.43548387096774194 0.6275992438563327 0.43548387096774194
0 0.05671077504725898 0.5011520737327189 0.05103969754253308 0.5288018433179723 0.057655954631379965 0.6059907834101382 0.08695652173913043 0.7292626728110599 0.08790170132325142 0.7891705069124424 0.08034026465028356 0.8133640552995391 0.08412098298676748 0.8168202764976958 0.09262759924385633 0.8133640552995391 0.9319470699432892 0.8122119815668203 0.9262759924385633 0.7815668202764977 0.9281663516068053 0.7235023041474654 0.9574669187145558 0.5990783410138248 0.9640831758034026 0.5311059907834101 0.9536862003780718 0.49078341013824883 0.9366729678638941 0.46543778801843316 0.9215500945179584 0.45276497695852536 0.8752362948960303 0.42972350230414746 0.7608695652173914 0.42626728110599077 0.723062381852552 0.43663594470046085 0.6568998109640832 0.41013824884792627 0.5860113421550095 0.39400921658986177 0.5226843100189036 0.3859447004608295 0.4603024574669187 0.3882488479262673 0.38657844990548207 0.4009216589861751 0.28544423440453687 0.434331797235023 0.2542533081285444 0.42626728110599077 0.22306238185255198 0.42626728110599077 0.2107750472589792 0.434331797235023 0.1956521739130435 0.42626728110599077 0.13516068052930058 0.4308755760368664 0.09357277882797732 0.45161290322580644 0.0661625708884688 0.4815668202764977
7 0.1266540642722117 0.6255760368663594 0.1323251417769376 0.6785714285714286 0.15406427221172023 0.6877880184331797 0.5122873345935728 0.6877880184331797 0.5349716446124764 0.6831797235023042 0.7296786389413988 0.6820276497695853 0.8724007561436673 0.6866359447004609 0.8799621928166351 0.6820276497695853 0.8875236294896031 0.6474654377880185 0.8865784499054821 0.6244239631336406 0.8799621928166351 0.6129032258064516 0.8516068052930057 0.597926267281106 0.8071833648393195 0.5921658986175116 0.7906427221172023 0.5944700460829493 0.7419659735349716 0.5852534562211982 0.6644612476370511 0.5829493087557603 0.40737240075614367 0.5806451612903226 0.24291115311909262 0.586405529953917 0.14744801512287334 0.6013824884792627 0.13043478260869565 0.6129032258064516
2 0.1275992438563327 0.6947004608294931 0.1266540642722117 0.7188940092165899 0.14366729678638943 0.7235023041474654 0.8799621928166351 0.7235023041474654 0.8960302457466919 0.7327188940092166 0.8941398865784499 0.6912442396313364 0.8676748582230623 0.6923963133640553 0.7722117202268431 0.6900921658986175 0.13705103969754254 0.6877880184331797
3 0.8431001890359168 0.565668202764977 0.8421550094517959 0.5794930875576036 0.8468809073724007 0.5841013824884793 0.8468809073724007 0.5910138248847926 0.8799621928166351 0.6105990783410138 0.889413988657845 0.6267281105990783 0.8875236294896031 0.6785714285714286 0.8931947069943289 0.6808755760368663 0.8969754253308129 0.6900921658986175 0.8931947069943289 0.716589861751152 0.9035916824196597 0.716589861751152 0.9073724007561437 0.7315668202764977 0.9196597353497165 0.7292626728110599 0.9253308128544423 0.7350230414746544 0.9508506616257089 0.6359447004608295 0.9593572778827977 0.5852534562211982 0.9603024574669187 0.511520737327189 0.9517958412098299 0.4873271889400922 0.9253308128544423 0.45506912442396313 0.8913043478260869 0.43663594470046085 0.8799621928166351 0.4377880184331797 0.8525519848771267 0.5149769585253456
6 0.054820415879017016 0.5241935483870968 0.05387523629489603 0.5518433179723502 0.05954631379962193 0.6105990783410138 0.08128544423440454 0.6923963133640553 0.08412098298676748 0.6854838709677419 0.09357277882797732 0.6808755760368663 0.1001890359168242 0.684331797235023 0.11625708884688091 0.6831797235023042 0.12098298676748583 0.6762672811059908 0.1285444234404537 0.6785714285714286 0.1266540642722117 0.6420887096774193 0.1323251417769376 0.6152073732718893 0.14933837429111532 0.6002304147465438 0.17391304347826086 0.5910138248847926 0.17485822306238186 0.5829493087557603 0.166351606805293 0.5299539170506913 0.13516068052930058 0.434331797235023 0.10491493383742911 0.44585253456221197 0.07750472589792061 0.46889400921658986 0.05954631379962193 0.49539170506912444
4 0.8194706994328923 0.7476958525345622 0.8213610586011342 0.7546082949308756 0.833648393194707 0.7592165898617511 0.832703213610586 0.7476958525345622
4 0.8610586011342155 0.7476958525345622 0.8591682419659735 0.7523041474654378 0.8629489603024575 0.7626728110599078 0.8705103969754253 0.7649769585253456 0.8695652173913043 0.7488479262672811
4 0.14839319470699433 0.7534562211981567 0.14744801512287334 0.761520737327189 0.15500945179584122 0.7638248847926268 0.16068052930056712 0.7476958525345622 0.15311909262759923 0.7465437788018433
4 0.1824196597353497 0.7488479262672811 0.18147448015122875 0.7626728110599078 0.1890359168241966 0.7661290322580645 0.19659735349716445 0.7476958525345622
4 0.498109640831758 0.7488479262672811 0.498109640831758 0.8064516129032258 0.5113421550094518 0.8087557603686636 0.5151228733459358 0.8052995391705069 0.5170132325141777 0.7511520737327189
4 0.9026465028355387 0.7419354838709677 0.9092627599243857 0.7799539170506913 0.9215500945179584 0.8087557603686636 0.9281663516068053 0.8133640552995391 0.9281663516068053 0.7269585253456221 0.9073724007561437 0.7258064516129032
4 0.08695652173913043 0.7258064516129032 0.08790170132325142 0.7727534562211982 0.08128544423440454 0.8099078341013825 0.0831758034026465 0.815668202764977 0.08979206049149338 0.815668202764977 0.0945179584120983 0.8087557603686636 0.11342155009451796 0.7476958525345622 0.10775047258979206 0.7246543778801844
1 0.29773156899810965 0.43202764976958524 0.29678638941398866 0.43894009216589863 0.31568998109640833 0.4435483870967742 0.3620037807183365 0.42972350230414746 0.3780718336483932 0.4447004608294931 0.389413988657845 0.49078341013824883 0.38657844990548207 0.5023041474654378 0.3950850661625709 0.5414746543778802 0.40831758034026466 0.5783410138248848 0.48015122873345933 0.5794930875576036 0.5982986767485823 0.5771889400921659 0.6124763705103969 0.5299539170506913 0.6209829867674859 0.4539170506912442 0.6275992438563327 0.43317972350230416 0.6370510396975425 0.43317972350230416 0.6427221172022685 0.4274193548387097 0.6587901701323251 0.43894009216589863 0.6852551984877127 0.4435483870967742 0.7032136105860114 0.4423963133640553 0.7098298676748582 0.43548387096774194 0.6899810964083176 0.4216589861751152 0.6474480151228733 0.4078341013824885 0.5907372400756143 0.39400921658986177 0.5293005671077504 0.3859447004608295 0.4621928166351607 0.3870967741935484 0.4102079395085066 0.3951612903225806 0.33081285444234404 0.41705069124423966