1 0.2642075078206465 0.3212137271937446 0.25925547445255476 0.3481120764552563 0.2719885297184567 0.36108514335360553 0.27269551616266946 0.36993136403127713 0.2755255474452555 0.39116072980017375 0.27623253388946817 0.4165178105994787 0.6624640250260688 0.45131103388357946 0.6624640250260688 0.4277219808861859 0.6709520333680917 0.41239009556907036 0.6794410844629822 0.4000060816681147 0.8088915537017727 0.37523892267593395 0.8152586027111575 0.3817254561251086 0.8180875912408759 0.391750651607298 0.8301136600625652 0.391750651607298 0.8902408759124087 0.37405907906168545 0.8555787278415016 0.37346915725456126 0.85133472367049 0.33219026933101653
5 0.2530625651720542 0.3437576020851434 0.11315328467153284 0.36151086012163336 0.10180083420229405 0.3724074717636838 0.12059228362877998 0.435748045178106 0.13121272158498437 0.4347271937445699 0.2737778936392075 0.4105482189400521 0.2721438998957247 0.3604891398783666 0.26683315954118875 0.3509539530842745
6 0.15817309697601667 0.3539678540399652 0.08586965589155371 0.3604891398783666 0.08096767466110531 0.3672997393570808 0.08055891553701773 0.38126151172893136 0.08260166840458812 0.49942919200695046 0.09812513034410845 0.5018132059079061 0.09608237747653806 0.44528323197219805 0.11936704900938477 0.435748045178106 0.10466110531803963 0.37104604691572546 0.1140563086548488 0.3618514335360556 0.16062460896767464 0.35742397914856644 0.18881126173096976 0.35333796698523023
5 0.8037153284671533 0.37814596003475237 0.8139280500521376 0.37780538662033014 0.818830031282586 0.39142745438748916 0.8163785192909281 0.3948323197219809 0.7587810218978103 0.40845438748913987 0.7444838373305527 0.41764900086880974 0.7338623566214807 0.4428488271068636 0.7281438998957247 0.4843944396177237 0.6905620437956205 0.5031242397914857 0.6754473409801877 0.503464813205908 0.6672773722627737 0.48507558644656823 0.6648269030239833 0.4615786272806256 0.6648269030239833 0.4482971329278888 0.6640093847758081 0.42752476107732407 0.6676861313868614 0.41764900086880974 0.6713628779979145 0.4074326672458731 0.6811668404588113 0.40164291920069506
5 0.9178894681960376 0.3840894874022589 0.9180938477580813 0.5429678540399653 0.7783889468196038 0.6161841876629017 0.7359051094890511 0.6131190269331017 0.733453597497393 0.5858757602085143 0.7232419186652764 0.5732762814943527 0.724875912408759 0.5589730668983492 0.7265099061522419 0.5181086012163336 0.7273263816475495 0.49324847958297136 0.7314118873826903 0.45715117289313645 0.7391730969760166 0.4360382276281494 0.7420323253388947 0.4207132927888792 0.7538790406673619 0.40845438748913987 0.8837799791449426 0.37508079930495225
7 0.2670375391032325 0.4123431798436143 0.11847445255474454 0.4409331016507385 0.11345985401459854 0.43570721112076455 0.09465380604796662 0.44406863596872287 0.09590823774765381 0.4796029539530843 0.20999478623566215 0.49998349261511726 0.5253003128258602 0.5480599478714162 0.6500427528675703 0.5647827975673329 0.7146089676746611 0.5731433536055603 0.7277726798748696 0.558511728931364 0.7265182481751825 0.5203640312771503 0.7283993743482794 0.5125256298870547 0.7283993743482794 0.48430668983492614 0.6976840458811261 0.4994613379669852 0.6769979144942648 0.50050651607298 0.6713555787278416 0.4890095569070374 0.6638331595411887 0.47019721980886187 0.6632064650677789 0.4503397046046916 0.27518665276329507 0.4137593397046047
2 0.0977883211678832 0.4820677671589922 0.09904275286757039 0.5031190269331017 0.7352940563086549 0.610768896611642 0.7352940563086549 0.5799365768896612 0.7233847758081334 0.5679174630755864 0.7108477580813347 0.5715760208514336 0.447570385818561 0.5386542137271937
4 0.11565380604796664 0.5071372719374457 0.11784775808133473 0.5589478714161599 0.1259968717413973 0.5594708948740226 0.12662356621480708 0.5056455256298871
4 0.6995641293013555 0.6042823631624674 0.6995641293013555 0.6848879235447437 0.7108477580813347 0.6807072111207646 0.7146089676746611 0.6049339704604692
4 0.8434264859228363 0.5815629887054735 0.8456204379562045 0.5976185925282363 0.8537695516162669 0.5970955690703735 0.8531418143899896 0.5808957428323197
0 0.08237747653806048 0.365768896611642 0.08237747653806048 0.4908774978279757 0.08967674661105318 0.5021720243266724 0.11470281543274244 0.5073848827106864 0.11887382690302398 0.5212858384013901 0.11991657977059438 0.5569070373588184 0.1261730969760167 0.5543006081668115 0.1251303441084463 0.5082536924413553 0.12825860271115747 0.5056472632493484 0.14285714285714285 0.5065160729800173 0.6955161626694474 0.6020851433536055 0.6996871741397289 0.6046915725456126 0.7007299270072993 0.6142484795829714 0.6996871741397289 0.6785403996524761 0.7028154327424401 0.6811468288444831 0.7101147028154328 0.6768027801911382 0.7101147028154328 0.6450425716768028 0.8435870698644421 0.5942658557775847 0.848800834202294 0.5951346655082537 0.8498435870698644 0.5844196350999131 0.862356621480709 0.5708079930495221 0.899895724713243 0.5490877497827976 0.9155370177267987 0.5360556038227628 0.9165797705943691 0.3848827106863597 0.8967674661105318 0.3779322328410078 0.8602711157455682 0.37619461337966986 0.8498435870698644 0.3631624674196351 0.848800834202294 0.33796698523023455 0.8342022940563086 0.32927888792354476 0.7789363920750783 0.3344917463075586 0.6152241918665277 0.3318853171155517 0.6037539103232534 0.32841007819287577 0.42857142857142855 0.32580364900086883 0.41397288842544316 0.3214596003475239 0.33368091762252344 0.3214596003475239 0.27424400417101147 0.317115551694179 0.2659019812304484 0.3214596003475239 0.26173096976016685 0.33796698523023455 0.2533889468196038 0.3466550825369244 0.10010427528675704 0.35968722849695917