1 0.30001564129301356 0.30109296264118157 0.27425130344108445 0.3717949609035621 0.2925568300312826 0.41644656820156384 0.636303441084463 0.48144656820156384 0.6559655891553702 0.45940312771503045 0.6756277372262774 0.4497940920938314 0.779361835245047 0.4288809730668983 0.7868196037539102 0.43453344917463077 0.8756371220020855 0.411359687228497 0.8864859228362878 0.37122936576889665 0.8607215849843587 0.35540399652476107 0.3122189781021898 0.295490877497828
5 0.6142679874869655 0.5349626411815812 0.6227434827945777 0.5424891398783667 0.6756277372262774 0.5221416159860991 0.6864754953076121 0.4661850564726325 0.7102054223149113 0.450359687228497 0.7881751824817519 0.43453344917463077 0.7807174139728884 0.4254900086880973 0.6620677789363921 0.4543162467419635 0.6451178310740354 0.4673162467419635 0.6207090719499478 0.5091416159860991
5 0.10780187695516164 0.3765073848827107 0.129837330552659 0.4458375325803649 0.13865067778936394 0.44414248479582974 0.17729718456725754 0.43453344917463077 0.2606913451511991 0.4181424847958297 0.2918790406673618 0.41927280625543006 0.265436913451512 0.3525777584708949 0.25865693430656933 0.3525777584708949 0.11085297184567258 0.3684039965247611
6 0.28781126173096977 0.3299026933101651 0.09729301355578727 0.350881841876629 0.07763086548488007 0.36331711555169416 0.07966527632950991 0.3791424847958297 0.09119082377476538 0.504619461337967 0.11085297184567258 0.509706342311034 0.10746298227320125 0.488228496959166 0.10203858185610011 0.4859678540399653 0.10271741397288843 0.4497940920938314 0.12712513034410844 0.4384900086880973 0.11085297184567258 0.3774474370112945 0.11356517205422316 0.36670807993049526 0.26340354535974975 0.35540399652476107 0.27357351407716374 0.37462119895742835
3 0.665118873826903 0.6459661164205038 0.6932554744525548 0.6566620330147698 0.8993680917622524 0.5758366637706342 0.9210636079249217 0.42096872284969594 0.9108936392075079 0.411359687228497 0.8871637122002085 0.40796872284969593 0.7129176225234619 0.450359687228497 0.6871532846715329 0.46449000868809737 0.6776611053180396 0.5091416159860991 0.6688477580813347 0.5498366637706342 0.6688477580813347 0.594488271068636 0.6695255474452555 0.6284013900955691
4 0.6366423357664234 0.6400338835794961 0.6383378519290929 0.7024439617723719 0.6498633993743483 0.701879235447437 0.6457956204379562 0.6402710686359687
4 0.8258050052137643 0.602750651607298 0.8261438998957248 0.6284013900955691 0.8349572471324297 0.6284013900955691 0.8369916579770594 0.6012710686359687
4 0.1311929092805005 0.5120842745438748 0.1311929092805005 0.5628366637706342 0.13932950990615223 0.5622719374456994 0.14068508863399373 0.514228496959166
2 0.1067851929092805 0.4892050390964379 0.11017518248175183 0.5102719374456993 0.6654577685088634 0.6453579496090356 0.668169968717414 0.6267054735013032
7 0.10475078206465067 0.44599044309296265 0.10203858185610011 0.48370721112076454 0.10339520333680918 0.4899244135534318 0.6688477580813347 0.6261407471763684 0.6702033368091762 0.5227063423110339 0.626133472367049 0.5424891398783667 0.6139290928050053 0.5357063423110339 0.6152857142857142 0.5210112945264986 0.6166412930135559 0.5040547350130322 0.6383378519290929 0.47805473501303214 0.287133472367049 0.4175768896611642 0.25594473409801877 0.4181424847958297 0.21187486965589153 0.427750651607298 0.13322732012513033 0.4430112945264987 0.12373514077163712 0.43509904430929625
0 0.08654848800834203 0.35881841876629017 0.08133472367049009 0.365768896611642 0.08133472367049009 0.3944396177237185 0.08654848800834203 0.3970460469157255 0.08342022940563086 0.41963509991311904 0.09071949947862357 0.48740225890529976 0.0948905109489051 0.5013032145960035 0.10636079249217935 0.5073848827106864 0.12200208550573514 0.5099913119026933 0.13138686131386862 0.5244717636837533 0.1334723670490094 0.5569070373588184 0.13764337851929093 0.5464813205907906 0.13451511991657977 0.5430060816681147 0.13764337851929093 0.525629887054735 0.1480709071949948 0.5134665508253693 0.4171011470281543 0.579496090356212 0.42752867570385816 0.5847089487402259 0.62148070907195 0.629887054735013 0.6392075078206465 0.6368375325803649 0.6402502606882169 0.6907037358818419 0.6465067778936392 0.6898349261511729 0.6454640250260688 0.6533449174630755 0.6548488008342023 0.6446568201563857 0.6955161626694474 0.6533449174630755 0.8133472367049009 0.6055603822762815 0.8258602711157456 0.6151172893136403 0.8248175182481752 0.6229365768896612 0.8279457768508863 0.6246741963509991 0.8331595411887383 0.6029539530842746 0.8394160583941606 0.5968722849695917 0.8769551616266945 0.5847089487402259 0.8967674661105318 0.573414422241529 0.9113660062565172 0.48132059079061684 0.9155370177267987 0.42137271937445697 0.9103232533889468 0.4161598609904431 0.899895724713243 0.41876629018245004 0.8905109489051095 0.4144222415291051 0.8821689259645464 0.41789748045178104 0.8738269030239834 0.4118158123370982 0.8832116788321168 0.369244135534318 0.8561001042752867 0.35447437011294525 0.6256517205422315 0.32754126846220677 0.3096976016684046 0.29713292788879236 0.30031282586027114 0.3032145960034752 0.28988529718456724 0.32841007819287577 0.2805005213764338 0.3310165073848827 0.2492179353493222 0.3370981754995656 0.13138686131386862 0.3483927019982624 0.10218978102189781 0.3527367506516073