5 0.6744791666666666 0.30697674418604654 0.6595052083333334 0.4046511627906977 0.6647135416666666 0.4174418604651163 0.7096354166666666 0.4174418604651163 0.7141927083333334 0.386046511627907 0.7174479166666666 0.2930232558139535 0.7233072916666666 0.2744186046511628 0.7317708333333334 0.26627906976744187 0.79296875 0.23488372093023255 0.8580729166666666 0.20930232558139536 0.8684895833333334 0.18023255813953487 0.8684895833333334 0.17325581395348838 0.8717447916666666 0.1697674418604651 0.8802083333333334 0.11976744186046512 0.87109375 0.11511627906976744 0.861328125 0.11627906976744186 0.796875 0.14418604651162792 0.75390625 0.1372093023255814 0.7408854166666666 0.1313953488372093 0.7337239583333334 0.11976744186046512 0.7135416666666666 0.10930232558139535 0.7096354166666666 0.1186046511627907 0.708984375 0.14418604651162792
5 0.20963541666666666 0.29534883720930233 0.20963541666666666 0.34186046511627904 0.2109375 0.3488372093023256 0.21809895833333334 0.3581395348837209 0.2578125 0.35930232558139535 0.2936197916666667 0.3732558139534884 0.3079427083333333 0.37209302325581395 0.3151041666666667 0.36511627906976746 0.3313802083333333 0.2872093023255814 0.3313802083333333 0.27325581395348836 0.337890625 0.25813953488372093 0.357421875 0.13023255813953488 0.3561197916666667 0.11511627906976744 0.349609375 0.11162790697674418 0.3352864583333333 0.12093023255813953 0.3138020833333333 0.12674418604651164 0.28515625 0.12558139534883722 0.271484375 0.12209302325581395 0.2513020833333333 0.1058139534883721 0.23958333333333334 0.10348837209302325 0.22265625 0.19883720930232557
5 0.4251302083333333 0.11744186046511627 0.4283854166666667 0.16162790697674417 0.4231770833333333 0.2372093023255814 0.408203125 0.3313953488372093 0.404296875 0.3744186046511628 0.4212239583333333 0.38488372093023254 0.51171875 0.40348837209302324 0.5266927083333334 0.4011627906976744 0.537109375 0.35232558139534886 0.5403645833333334 0.30348837209302326 0.5533854166666666 0.23488372093023255 0.5559895833333334 0.20813953488372092 0.5703125 0.14883720930232558 0.5696614583333334 0.12093023255813953 0.5631510416666666 0.1186046511627907 0.5088977864583334 0.13023255813953488 0.4518229166666667 0.11511627906976744 0.4388020833333333 0.10697674418604651 0.431640625 0.10697674418604651
1 0.26171875 0.08139534883720931 0.2591145833333333 0.10232558139534884 0.2688802083333333 0.11395348837209303 0.2799479166666667 0.11976744186046512 0.3190104166666667 0.11976744186046512 0.349609375 0.1058139534883721 0.359375 0.11046511627906977 0.36328125 0.12674418604651164 0.3561197916666667 0.14651162790697675 0.3587239583333333 0.1569767441860465 0.3509114583333333 0.1744186046511628 0.3444010416666667 0.24883720930232558 0.3359375 0.28837209302325584 0.3307291666666667 0.2988372093023256 0.3313802083333333 0.3116279069767442 0.3287760416666667 0.313953488372093 0.330078125 0.31976744186046513 0.3229166666666667 0.36046511627906974 0.328125 0.36511627906976746 0.3893229166666667 0.3767441860465116 0.396484375 0.3755813953488372 0.3997395833333333 0.3697674418604651 0.408203125 0.30697674418604654 0.4205729166666667 0.2441860465116279 0.4212239583333333 0.20930232558139536 0.423828125 0.2058139534883721 0.4251302083333333 0.18488372093023256 0.423828125 0.16744186046511628 0.42578125 0.16511627906976745 0.42578125 0.14418604651162792 0.421875 0.12674418604651164 0.4231770833333333 0.11511627906976744 0.427734375 0.1058139534883721 0.4375 0.10465116279069768 0.4498697916666667 0.1127906976744186 0.5026041666666666 0.12790697674418605 0.5579427083333334 0.11744186046511627 0.5677083333333334 0.10813953488372093 0.5748697916666666 0.1186046511627907 0.5748697916666666 0.14069767441860465 0.5618489583333334 0.19186046511627908 0.55859375 0.21976744186046512 0.5540364583333334 0.2302325581395349 0.548828125 0.28255813953488373 0.5403645833333334 0.313953488372093 0.5416666666666666 0.3430232558139535 0.5403645833333334 0.35930232558139535 0.5364583333333334 0.37093023255813956 0.537109375 0.37906976744186044 0.5338541666666666 0.386046511627907 0.53515625 0.39651162790697675 0.642578125 0.4116279069767442 0.6575520833333334 0.3872093023255814 0.6647135416666666 0.3558139534883721 0.6692708333333334 0.31511627906976747 0.6822916666666666 0.25465116279069766 0.681640625 0.2441860465116279 0.6966145833333334 0.1872093023255814 0.7037760416666666 0.14186046511627906 0.703125 0.12906976744186047 0.7102864583333334 0.1 0.7135416666666666 0.09767441860465116 0.7200520833333334 0.10465116279069768 0.7239583333333334 0.10348837209302325 0.7584635416666666 0.13023255813953488 0.7884114583333334 0.1372093023255814 0.8046875 0.13488372093023257 0.859375 0.11162790697674418 0.8756510416666666 0.11046511627906977 0.8841145833333334 0.11627906976744186 0.88671875 0.12674418604651164 0.8854166666666666 0.14302325581395348 0.8763020833333334 0.1558139534883721 0.875 0.18604651162790697 0.869140625 0.19069767441860466 0.8658854166666666 0.2058139534883721 0.9153645833333334 0.1883720930232558 0.9192708333333334 0.1058139534883721 0.9192708333333334 0.07093023255813953 0.9140625 0.044186046511627906 0.9016927083333334 0.03372093023255814 0.8763020833333334 0.030232558139534883 0.611328125 0.03604651162790698 0.3118489583333333 0.027906976744186046 0.291015625 0.03255813953488372 0.2779947916666667 0.04186046511627907 0.265625 0.06046511627906977
6 0.009114583333333334 0.28255813953488373 0.008463541666666666 0.45232558139534884 0.01171875 0.6581395348837209 0.015625 0.663953488372093 0.032552083333333336 0.672093023255814 0.046875 0.672093023255814 0.052083333333333336 0.6581395348837209 0.053385416666666664 0.6372093023255814 0.052083333333333336 0.6127906976744186 0.048828125 0.608139534883721 0.05078125 0.5569767441860465 0.053385416666666664 0.5465116279069767 0.053385416666666664 0.5046511627906977 0.048828125 0.5011627906976744 0.046875 0.48604651162790696 0.052734375 0.47790697674418603 0.054036458333333336 0.42093023255813955 0.057291666666666664 0.40232558139534885 0.07942708333333333 0.386046511627907 0.12890625 0.3732558139534884 0.19010416666666666 0.36627906976744184 0.20247395833333334 0.35930232558139535 0.20572916666666666 0.3383720930232558 0.20833333333333334 0.28255813953488373 0.224609375 0.17093023255813952 0.21614583333333334 0.1686046511627907 0.15885416666666666 0.17906976744186046 0.03515625 0.20930232558139536 0.016927083333333332 0.21976744186046512 0.01171875 0.22790697674418606
3 0.720703125 0.31046511627906975 0.7194010416666666 0.40813953488372096 0.716796875 0.42441860465116277 0.7200520833333334 0.8662790697674418 0.734375 0.8825581395348837 0.7545572916666666 0.8906976744186047 0.79296875 0.8976744186046511 0.8033854166666666 0.8930232558139535 0.9016927083333334 0.7872093023255814 0.9596354166666666 0.7337209302325581 0.974609375 0.7127906976744186 0.9778645833333334 0.7011627906976744 0.978515625 0.6802325581395349 0.9869791666666666 0.2686046511627907 0.9869791666666666 0.22674418604651161 0.9817708333333334 0.2127906976744186 0.9596354166666666 0.2 0.921875 0.1941860465116279 0.8170572916666666 0.2302325581395349 0.7369791666666666 0.2709302325581395 0.7233072916666666 0.2872093023255814
7 0.052734375 0.4186046511627907 0.054036458333333336 0.46162790697674416 0.053385416666666664 0.4697674418604651 0.049479166666666664 0.4755813953488372 0.048177083333333336 0.4941860465116279 0.051432291666666664 0.5023255813953489 0.050130208333333336 0.5244186046511627 0.056640625 0.541860465116279 0.06380208333333333 0.5465116279069767 0.4114583333333333 0.6302325581395349 0.474609375 0.641860465116279 0.4934895833333333 0.65 0.6640625 0.6906976744186046 0.69921875 0.6953488372093023 0.71484375 0.6918604651162791 0.7109375 0.622093023255814 0.7154947916666666 0.5674418604651162 0.7122395833333334 0.5383720930232558 0.7154947916666666 0.48372093023255813 0.7141927083333334 0.44651162790697674 0.7096354166666666 0.436046511627907 0.68359375 0.4313953488372093 0.6608072916666666 0.4313953488372093 0.658203125 0.43488372093023253 0.640625 0.4255813953488372 0.6373697916666666 0.41627906976744183 0.6087239583333334 0.4104651162790698 0.5579427083333334 0.40581395348837207 0.498046875 0.40930232558139534 0.4876302083333333 0.40348837209302324 0.4140625 0.3930232558139535 0.3658854166666667 0.3767441860465116 0.3274739583333333 0.3732558139534884 0.2877604166666667 0.37906976744186044 0.24479166666666666 0.3686046511627907 0.20638020833333334 0.3674418604651163 0.162109375 0.3697674418604651 0.07747395833333333 0.3883720930232558 0.06315104166666667 0.39651162790697675
2 0.052083333333333336 0.5569767441860465 0.053385416666666664 0.5709302325581396 0.05078125 0.5848837209302326 0.055338541666666664 0.627906976744186 0.053385416666666664 0.672093023255814 0.057291666666666664 0.6779069767441861 0.3131510416666667 0.7418604651162791 0.708984375 0.8697674418604651 0.7161458333333334 0.8662790697674418 0.71484375 0.713953488372093 0.7141927083333334 0.708139534883721 0.7076822916666666 0.7011627906976744 0.6653645833333334 0.6953488372093023 0.5182291666666666 0.6604651162790698 0.4680989583333333 0.6441860465116279 0.4095052083333333 0.6337209302325582 0.3815104166666667 0.6232558139534884 0.294921875 0.6046511627906976 0.18229166666666666 0.5732558139534883 0.06510416666666667 0.5488372093023256 0.055338541666666664 0.55
4 0.9186197916666666 0.7755813953488372 0.916015625 0.7848837209302325 0.9212239583333334 0.8186046511627907 0.9251302083333334 0.8244186046511628 0.9420572916666666 0.8255813953488372 0.9524739583333334 0.8209302325581396 0.9602864583333334 0.7372093023255814
4 0.018229166666666668 0.672093023255814 0.018229166666666668 0.6965116279069767 0.024739583333333332 0.7534883720930232 0.029296875 0.7581395348837209 0.054036458333333336 0.7546511627906977 0.0625 0.686046511627907 0.048828125 0.6767441860465117
4 0.736328125 0.8906976744186047 0.7337239583333334 0.8906976744186047 0.7337239583333334 0.9023255813953488 0.7473958333333334 0.9813953488372092 0.7506510416666666 0.986046511627907 0.7760416666666666 0.9848837209302326 0.7786458333333334 0.9802325581395349 0.7858072916666666 0.9011627906976745
0 0.0078125 0.313953488372093 0.0078125 0.5081395348837209 0.009765625 0.541860465116279 0.0078125 0.5930232558139535 0.010416666666666666 0.6383720930232558 0.0078125 0.6604651162790698 0.016927083333333332 0.6848837209302325 0.022786458333333332 0.7453488372093023 0.028645833333333332 0.7581395348837209 0.05078125 0.7581395348837209 0.053385416666666664 0.7546511627906977 0.057291666666666664 0.7441860465116279 0.061848958333333336 0.6976744186046512 0.07356770833333333 0.6837209302325581 0.07942708333333333 0.6837209302325581 0.2884114583333333 0.7337209302325581 0.384765625 0.7627906976744186 0.71484375 0.872093023255814 0.7330729166666666 0.8930232558139535 0.7408854166666666 0.9569767441860465 0.7473958333333334 0.9825581395348837 0.7513020833333334 0.9872093023255814 0.7669270833333334 0.9872093023255814 0.7786458333333334 0.9802325581395349 0.7864583333333334 0.9069767441860465 0.8079427083333334 0.891860465116279 0.9010416666666666 0.7895348837209303 0.9140625 0.7825581395348837 0.9212239583333334 0.8186046511627907 0.9283854166666666 0.8267441860465117 0.9524739583333334 0.8209302325581396 0.9615885416666666 0.7383720930232558 0.974609375 0.7162790697674418 0.9778645833333334 0.7046511627906977 0.9876302083333334 0.34186046511627904 0.98828125 0.2302325581395349 0.9850260416666666 0.21744186046511627 0.9772135416666666 0.2069767441860465 0.91796875 0.1883720930232558 0.9186197916666666 0.053488372093023255 0.912109375 0.040697674418604654 0.9010416666666666 0.03255813953488372 0.861328125 0.029069767441860465 0.7486979166666666 0.03488372093023256 0.576171875 0.03372093023255814 0.3346354166666667 0.026744186046511628 0.291015625 0.03255813953488372 0.2688802083333333 0.053488372093023255 0.255859375 0.10930232558139535 0.24479166666666666 0.10348837209302325 0.240234375 0.10813953488372093 0.24088541666666666 0.11627906976744186 0.24609375 0.12093023255813953 0.24544270833333334 0.15232558139534882 0.23372395833333334 0.15 0.22135416666666666 0.1686046511627907 0.055989583333333336 0.20232558139534884 0.015625 0.22093023255813954 0.009765625 0.2302325581395349 0.008463541666666666 0.2441860465116279 0.009765625 0.28837209302325584