7 0.09801876955161627 0.48653344917463076 0.09697601668404589 0.5082536924413553 0.10114702815432743 0.522154648132059 0.10740354535974973 0.525629887054735 0.10948905109489052 0.5230234578627281 0.1251303441084463 0.5230234578627281 0.12825860271115747 0.525629887054735 0.26903023983315955 0.5308427454387489 0.5881126173096975 0.5560382276281495 0.6673618352450469 0.5595134665508253 0.7267987486965589 0.5673327541268463 0.7372262773722628 0.5664639443961772 0.7413972888425443 0.5603822762814944 0.7309697601668405 0.48740225890529976 0.7267987486965589 0.48392701998262383 0.6903023983315955 0.48566463944396177 0.6788321167883211 0.47176368375325806 0.20333680917622524 0.46568201563857514 0.1678832116788321 0.46828844483058213 0.12304483837330553 0.4769765421372719 0.11470281543274244 0.473501303214596 0.10636079249217935 0.476107732406603
1 0.2711157455683003 0.3979148566463944 0.2721584984358707 0.4630755864465682 0.6777893639207507 0.47002606429192006 0.6809176225234619 0.4604691572545613 0.6809176225234619 0.3979148566463944 0.6830031282586028 0.38748913987836664 0.6903023983315955 0.3779322328410078 0.6996871741397289 0.37619461337966986 0.735140771637122 0.3831450912250217 0.7507820646506778 0.366637706342311 0.7789363920750783 0.36142484795829716 0.8654848800834203 0.37532580364900087 0.8686131386861314 0.3527367506516073 0.8550573514077163 0.33796698523023455 0.8206465067778936 0.3362293657688966 0.3232533889468196 0.365768896611642 0.2909280500521376 0.368375325803649 0.28258602711157454 0.37185056472632494
5 0.11261730969760167 0.40660295395308427 0.12095933263816476 0.47089487402258906 0.1251303441084463 0.473501303214596 0.15745568300312826 0.46741963509991313 0.2669447340980188 0.4613379669852302 0.2669447340980188 0.4300608166811468 0.26173096976016685 0.40486533449174633 0.11783107403545359 0.40399652476107734
5 0.6840458811261731 0.3979148566463944 0.6840458811261731 0.473501303214596 0.694473409801877 0.48479582971329277 0.7278415015641293 0.48045178105994785 0.7309697601668405 0.475238922675934 0.735140771637122 0.38662033014769764 0.7007299270072993 0.3788010425716768 0.6923879040667362 0.3796698523023458 0.6871741397288843 0.3840139009556907
6 0.08342022940563086 0.40573414422241527 0.08237747653806048 0.526498696785404 0.08446298227320125 0.5317115551694179 0.0948905109489051 0.5343179843614249 0.09801876955161627 0.529105125977411 0.09384775808133472 0.5117289313640313 0.09593326381647549 0.4882710686359687 0.10531803962460896 0.475238922675934 0.11991657977059438 0.47089487402258906 0.11157455683003129 0.40747176368375326 0.12095933263816476 0.40312771503040834 0.18769551616266944 0.40312771503040834 0.2127215849843587 0.40660295395308427 0.2492179353493222 0.40399652476107734 0.2283628779979145 0.4005212858384014 0.10948905109489052 0.3961772371850565 0.08967674661105318 0.3996524761077324
3 0.735140771637122 0.40573414422241527 0.7320125130344108 0.4795829713292789 0.7413972888425443 0.5230234578627281 0.7403545359749739 0.579496090356212 0.7476538060479666 0.5881841876629018 0.7893639207507821 0.5899218071242398 0.8018769551616267 0.582971329278888 0.835245046923879 0.577758470894874 0.8717413972888426 0.5629887054735013 0.9144942648592284 0.5516941789748045 0.9186652763295099 0.40399652476107734 0.9113660062565172 0.38662033014769764 0.8571428571428571 0.37445699391833187 0.7904066736183525 0.3649000868809731 0.7643378519290928 0.3649000868809731 0.7528675703858185 0.36750651607298 0.7445255474452555 0.37532580364900087
2 0.10010427528675704 0.522154648132059 0.09906152241918666 0.5317115551694179 0.1032325338894682 0.5360556038227628 0.13555787278415016 0.5403996524761078 0.6892596454640251 0.5855777584708949 0.7205422314911366 0.5864465682015638 0.7372262773722628 0.582971329278888 0.7382690302398331 0.5760208514335361 0.7372262773722628 0.5673327541268463 0.6965589155370178 0.5621198957428323
4 0.32012513034410844 0.5551694178974804 0.31908237747653806 0.5647263249348393 0.32533889468196037 0.5655951346655083 0.32638164754953075 0.5569070373588184
4 0.09697601668404589 0.5369244135534318 0.09384775808133472 0.5395308427454387 0.09593326381647549 0.5430060816681147 0.10844629822732013 0.5438748913987836 0.12095933263816476 0.5543006081668115 0.12200208550573514 0.5890529973935708 0.12930135557872785 0.5899218071242398 0.132429614181439 0.5421372719374457
4 0.4984358706986444 0.5699391833188532 0.49530761209593327 0.5708079930495221 0.49530761209593327 0.5916594265855778 0.5036496350364964 0.5925282363162467 0.5046923879040668 0.5716768027801912
4 0.6942909280500522 0.5860608166811468 0.6981021897810219 0.667375325803649 0.7125005213764338 0.6656099044309296 0.7091126173096975 0.5992397914856646 0.7658581856100104 0.6038297132927889 0.8370020855057351 0.5815890529973936 0.8391199165797706 0.6101841876629018 0.8526715328467153 0.6108905299739357 0.848436913451512 0.5780582102519548 0.9009478623566215 0.5614656820156385 0.9009478623566215 0.5579357080799304 0.7692460896767466 0.5939443961772372
0 0.08237747653806048 0.4109470026064292 0.08342022940563086 0.529105125977411 0.09593326381647549 0.5430060816681147 0.12095933263816476 0.5516941789748045 0.12200208550573514 0.5881841876629018 0.1261730969760167 0.5907906168549087 0.13138686131386862 0.5821025195482189 0.13138686131386862 0.5490877497827976 0.13660062565172054 0.5430060816681147 0.1480709071949948 0.5412684622067767 0.310740354535975 0.5534317984361424 0.3180396246089677 0.5569070373588184 0.32116788321167883 0.5647263249348393 0.34410844629822734 0.5560382276281495 0.48383733055265904 0.5682015638575152 0.49530761209593327 0.5716768027801912 0.49739311783107404 0.5916594265855778 0.5036496350364964 0.5907906168549087 0.5046923879040668 0.5760208514335361 0.5119916579770595 0.5699391833188532 0.6819603753910324 0.5847089487402259 0.6934306569343066 0.5899218071242398 0.6976016684045881 0.6620330147697654 0.708029197080292 0.6637706342311034 0.7111574556830031 0.6620330147697654 0.7090719499478624 0.6185925282363163 0.8373305526590198 0.6020851433536055 0.8383733055265902 0.6090356211989574 0.8456725755995829 0.6107732406602954 0.848800834202294 0.6090356211989574 0.8467153284671532 0.5847089487402259 0.8508863399374348 0.575152041702867 0.8894681960375391 0.5638575152041703 0.9155370177267987 0.5499565595134666 0.9176225234619395 0.3961772371850565 0.9071949947862357 0.3848827106863597 0.867570385818561 0.37619461337966986 0.8696558915537018 0.35447437011294525 0.862356621480709 0.3423110338835795 0.8519290928050052 0.3362293657688966 0.7163712200208551 0.34057341442224154 0.2930135557872784 0.368375325803649 0.28154327424400416 0.3735881841876629 0.2659019812304484 0.40573414422241527 0.10427528675703858 0.3961772371850565 0.0886339937434828 0.4005212858384014