0 0.17365269461077845 0.4880239520958084 0.17465069860279442 0.6167664670658682 0.18063872255489022 0.6327345309381237 0.19760479041916168 0.6337325349301397 0.21956087824351297 0.6207584830339321 0.3313373253493014 0.6666666666666666 0.3393213572854291 0.6746506986027944 0.3463073852295409 0.7095808383233533 0.3522954091816367 0.716566866267465 0.36327345309381237 0.718562874251497 0.3812375249500998 0.7075848303393214 0.39421157684630737 0.6936127744510978 0.4231536926147705 0.687624750499002 0.46506986027944114 0.6706586826347305 0.5409181636726547 0.6107784431137725 0.6147704590818364 0.5678642714570858 0.6357285429141717 0.563872255489022 0.6666666666666666 0.5508982035928144 0.6786427145708582 0.5369261477045908 0.7475049900199601 0.5069860279441117 0.7944111776447106 0.4930139720558882 0.8223552894211577 0.49001996007984033 0.8353293413173652 0.47005988023952094 0.8393213572854291 0.436127744510978 0.8313373253493014 0.42115768463073855 0.8203592814371258 0.4111776447105788 0.7904191616766467 0.4001996007984032 0.7874251497005988 0.36726546906187624 0.7684630738522954 0.3652694610778443 0.7584830339321357 0.35129740518962077 0.7574850299401198 0.3383233532934132 0.6906187624750499 0.33532934131736525 0.6806387225548902 0.3313373253493014 0.6666666666666666 0.3033932135728543 0.654690618762475 0.29840319361277445 0.6187624750499002 0.31037924151696605 0.5499001996007984 0.3203592814371258 0.2375249500998004 0.3872255489021956 0.23353293413173654 0.3902195608782435 0.23652694610778444 0.405189620758483 0.18862275449101795 0.4660678642714571 0.18063872255489022 0.47005988023952094
0 0.17465069860279442 0.48403193612774453 0.17465069860279442 0.5528942115768463 0.17864271457085829 0.5678642714570858 0.18363273453093812 0.5728542914171657 0.17764471057884232 0.5868263473053892 0.20209580838323354 0.5813373253493014 0.20209580838323354 0.5513972055888223 0.2884231536926148 0.6506986027944112 0.3283433133732535 0.6636726546906188 0.33033932135728544 0.6407185628742516 0.3273453093812375 0.627744510978044 0.3323353293413174 0.6017964071856288 0.3373253493013972 0.591816367265469 0.36227544910179643 0.5728542914171657 0.36726546906187624 0.564870259481038 0.3582834331337325 0.5209580838323353 0.35129740518962077 0.5159680638722555 0.281437125748503 0.5029940119760479 0.1966067864271457 0.4660678642714571 0.18163672654690619 0.47005988023952094
1 0.1996007984031936 0.4491017964071856 0.22954091816367264 0.39421157684630737 0.6611776447105788 0.2969061876247505 0.686127744510978 0.3318363273453094 0.6836327345309381 0.3992015968063872 0.5189620758483033 0.4491017964071856 0.5064870259481038 0.37924151696606784 0.47155688622754494 0.39421157684630737 0.42664670658682635 0.3992015968063872 0.4416167664670659 0.469061876247505 0.4166666666666667 0.4865269461077844 0.344311377245509 0.5089820359281437 0.25948103792415167 0.48902195608782434
7 0.3567864271457086 0.5089820359281437 0.4466067864271457 0.47155688622754494 0.4615768463073852 0.5014970059880239 0.5164670658682635 0.469061876247505 0.5239520958083832 0.4466067864271457 0.686127744510978 0.38922155688622756 0.686127744510978 0.40668662674650696 0.7734530938123753 0.3967065868263473 0.8258483033932136 0.41916167664670656 0.8333333333333334 0.45159680638722555 0.8208582834331337 0.49151696606786427 0.7360279441117764 0.5139720558882236 0.6212574850299402 0.5663672654690619 0.49650698602794413 0.6437125748502994 0.436626746506986 0.686127744510978 0.37674650698602796 0.6911177644710579 0.36427145708582837 0.6337325349301397 0.33682634730538924 0.6686626746506986 0.32435129740518964 0.6711576846307385 0.3318363273453094 0.6062874251497006 0.3567864271457086 0.5713572854291418 0.37425149700598803 0.561377245508982
6 0.17564870259481039 0.48403193612774453 0.17764471057884232 0.5289421157684631 0.17465069860279442 0.5409181636726547 0.17864271457085829 0.563872255489022 0.19461077844311378 0.5728542914171657 0.19560878243512975 0.593812375249501 0.22854291417165667 0.6227544910179641 0.2874251497005988 0.6506986027944112 0.3273453093812375 0.6646706586826348 0.3313373253493014 0.6027944111776448 0.33632734530938124 0.591816367265469 0.3662674650698603 0.5678642714570858 0.3582834331337325 0.5219560878243513 0.34830339321357284 0.5159680638722555 0.2904191616766467 0.5069860279441117 0.19860279441117765 0.46706586826347307 0.18263473053892215 0.47005988023952094
3 0.7634730538922155 0.3662674650698603 0.7674650698602794 0.39820359281437123 0.7734530938123753 0.40219560878243515 0.7894211576846307 0.4031936127744511 0.7924151696606786 0.3972055888223553 0.7904191616766467 0.3662674650698603
4 0.6506986027944112 0.5518962075848304 0.626746506986028 0.563872255489022 0.6377245508982036 0.564870259481038
4 0.17564870259481039 0.5888223552894212 0.17465069860279442 0.6197604790419161 0.18163672654690619 0.6347305389221557 0.1966067864271457 0.6347305389221557 0.218562874251497 0.6227544910179641 0.19760479041916168 0.6067864271457086 0.18163672654690619 0.5708582834331337 0.17864271457085829 0.5708582834331337
4 0.344311377245509 0.6666666666666666 0.344311377245509 0.7075848303393214 0.3522954091816367 0.718562874251497 0.3652694610778443 0.719560878243513 0.39221556886227543 0.6956087824351297 0.38323353293413176 0.6946107784431138 0.37524950099800397 0.688622754491018 0.3602794411177645 0.6427145708582834 0.35129740518962077 0.6437125748502994
5 0.6866267465069861 0.33632734530938124 0.6916167664670658 0.38822355289421157 0.7015968063872255 0.40119760479041916 0.7664670658682635 0.3992015968063872 0.7544910179640718 0.3383233532934132
5 0.43213572854291415 0.40219560878243515 0.43313373253493015 0.4241516966067864 0.45109780439121755 0.49101796407185627 0.46107784431137727 0.49201596806387227 0.5259481037924152 0.46706586826347307 0.5049900199600799 0.3852295409181637 0.4780439121756487 0.39520958083832336