1 0.26068821689259647 0.37619461337966986 0.26068821689259647 0.39096437880104257 0.2711157455683003 0.4430929626411816 0.27424400417101147 0.4448305821025195 0.3545359749739312 0.44917463075586445 0.40041710114702816 0.45525629887054736 0.5005213764337852 0.4569939183318853 0.607924921793535 0.46828844483058213 0.6986444212721585 0.47176368375325806 0.7184567257559958 0.47002606429192006 0.7382690302398331 0.41963509991311904 0.7549530761209593 0.4118158123370982 0.7685088633993743 0.4126846220677672 0.8310740354535975 0.40139009556907035 0.8508863399374348 0.41789748045178104 0.8529718456725756 0.4326672458731538 0.8884254431699687 0.4283231972198089 0.8988529718456726 0.3831450912250217 0.8988529718456726 0.3735881841876629 0.8905109489051095 0.366637706342311 0.8686131386861314 0.36055603822762816 0.30656934306569344 0.34144222415291053 0.27424400417101147 0.34404865334491747 0.26903023983315955 0.3492615117289314
7 0.10844629822732013 0.474370112945265 0.10531803962460896 0.5065160729800173 0.10740354535974973 0.5152041702867072 0.11470281543274244 0.5186794092093832 0.7163712200208551 0.5673327541268463 0.7549530761209593 0.5673327541268463 0.7580813347236705 0.5603822762814944 0.7580813347236705 0.5047784535186794 0.7226277372262774 0.5004344048653345 0.7163712200208551 0.473501303214596 0.5922836287799792 0.47002606429192006 0.556830031282586 0.4639443961772372 0.4681960375391032 0.4569939183318853 0.3993743482794578 0.4569939183318853 0.32116788321167883 0.44917463075586445 0.24191866527632952 0.4474370112945265 0.18039624608967675 0.45525629887054736 0.14181438998957246 0.46568201563857514 0.13034410844629823 0.4630755864465682
2 0.10844629822732013 0.527367506516073 0.10740354535974973 0.5464813205907906 0.11574556830031282 0.5473501303214596 0.5203336809176226 0.58123370981755 0.529718456725756 0.579496090356212 0.7518248175182481 0.6003475238922676 0.7591240875912408 0.6003475238922676 0.762252346193952 0.5933970460469157 0.762252346193952 0.5708079930495221 0.7559958289885297 0.5690703735881842 0.13660062565172054 0.522154648132059 0.11574556830031282 0.5212858384013901
5 0.721584984358707 0.47002606429192006 0.721584984358707 0.49695916594265854 0.7288842544316997 0.5004344048653345 0.7549530761209593 0.49869678540399653 0.7591240875912408 0.48740225890529976 0.7580813347236705 0.473501303214596 0.7695516162669447 0.45004344048653344 0.8415015641293013 0.43614248479582973 0.8456725755995829 0.4265855777584709 0.8456725755995829 0.40486533449174633 0.835245046923879 0.40399652476107734 0.8102189781021898 0.4109470026064292 0.7413972888425443 0.42137271937445697 0.7257559958289885 0.4526498696785404
5 0.12095933263816476 0.38922675933970463 0.1251303441084463 0.4291920069504778 0.132429614181439 0.45438748913987836 0.14077163712200208 0.4613379669852302 0.19708029197080293 0.45004344048653344 0.26798748696558916 0.4422241529105126 0.26798748696558916 0.42484795829713295 0.2575599582898853 0.38662033014769764 0.2492179353493222 0.37706342311033886
3 0.7601668404588112 0.49695916594265854 0.7591240875912408 0.6012163336229366 0.7893639207507821 0.6029539530842746 0.8894681960375391 0.5742832319721981 0.9113660062565172 0.5708079930495221 0.9176225234619395 0.529105125977411 0.9165797705943691 0.43527367506516074 0.8873826903023984 0.4317984361424848 0.7716371220020855 0.45091225021720244 0.7632950990615224 0.4578627280625543
6 0.08029197080291971 0.4257167680278019 0.08237747653806048 0.5403996524761078 0.08654848800834203 0.5464813205907906 0.1032325338894682 0.5473501303214596 0.10740354535974973 0.5456125108601216 0.10427528675703858 0.48132059079061684 0.10948905109489052 0.46915725456125107 0.132429614181439 0.4596003475238923 0.11991657977059438 0.4144222415291051 0.08654848800834203 0.41963509991311904
4 0.27632950990615224 0.5612510860121633 0.27632950990615224 0.573414422241529 0.2846715328467153 0.5742832319721981 0.2857142857142857 0.5621198957428323
4 0.5286757038581856 0.5821025195482189 0.5265901981230449 0.5942658557775847 0.5359749739311783 0.5977410947002606 0.5391032325338895 0.5838401390095569
4 0.8383733055265902 0.5916594265855778 0.835245046923879 0.5942658557775847 0.835245046923879 0.6203301476976543 0.8456725755995829 0.6211989574283232 0.8456725755995829 0.5916594265855778
4 0.1480709071949948 0.5525629887054735 0.1470281543274244 0.5951346655082537 0.15745568300312826 0.5968722849695917 0.15954118873826903 0.5525629887054735
4 0.7288842544316997 0.6003475238922676 0.7299270072992701 0.6490008688097306 0.7403545359749739 0.6516072980017377 0.7413972888425443 0.6020851433536055
0 0.08133472367049009 0.42484795829713295 0.08342022940563086 0.5412684622067767 0.0886339937434828 0.5464813205907906 0.12825860271115747 0.5473501303214596 0.14911366006256518 0.5551694178974804 0.14911366006256518 0.5951346655082537 0.15745568300312826 0.5942658557775847 0.15745568300312826 0.5586446568201564 0.15849843587069865 0.5525629887054735 0.16266944734098018 0.5508253692441355 0.27528675703858185 0.5595134665508253 0.28258602711157454 0.5716768027801912 0.29509906152241916 0.5612510860121633 0.3034410844629823 0.5612510860121633 0.5213764337851929 0.579496090356212 0.5265901981230449 0.58123370981755 0.529718456725756 0.5951346655082537 0.5359749739311783 0.5951346655082537 0.5380604796663191 0.5873153779322329 0.5547445255474452 0.582971329278888 0.6913451511991658 0.5942658557775847 0.7288842544316997 0.5994787141615986 0.7309697601668405 0.6472632493483927 0.735140771637122 0.6498696785403997 0.7403545359749739 0.6490008688097306 0.7403545359749739 0.6075586446568201 0.835245046923879 0.6107732406602954 0.835245046923879 0.6185925282363163 0.8415015641293013 0.6211989574283232 0.8456725755995829 0.6194613379669852 0.8477580813347236 0.5899218071242398 0.9040667361835245 0.5742832319721981 0.9144942648592284 0.5673327541268463 0.9186652763295099 0.44048653344917466 0.9144942648592284 0.43440486533449174 0.899895724713243 0.4326672458731538 0.8894681960375391 0.42311033883579496 0.8988529718456726 0.37532580364900087 0.8915537017726799 0.36750651607298 0.8748696558915537 0.36055603822762816 0.28362877997914493 0.34144222415291053 0.27007299270072993 0.3475238922675934 0.2596454640250261 0.3788010425716768 0.2429614181438999 0.37706342311033886 0.1470281543274244 0.38835794960903564 0.12721584984358708 0.38748913987836664 0.12095933263816476 0.39009556907037357 0.12200208550573514 0.40660295395308427 0.10948905109489052 0.41702867072111205 0.08967674661105318 0.41963509991311904