0 0.0026041666666666665 0.23426573426573427 0 0.27855477855477856 0.0026041666666666665 0.29603729603729606 0.0032552083333333335 0.6899766899766899 0.005859375 0.7144522144522144 0.014322916666666666 0.7202797202797203 0.018880208333333332 0.7692307692307693 0.053385416666666664 0.7692307692307693 0.05859375 0.7575757575757576 0.060546875 0.7214452214452215 0.2766927083333333 0.7191142191142191 0.279296875 0.7144522144522144 0.2799479166666667 0.6456876456876457 0.2916666666666667 0.5675990675990676 0.30078125 0.5291375291375291 0.3092447916666667 0.5151515151515151 0.3658854166666667 0.5023310023310024 0.595703125 0.5023310023310024 0.6822916666666666 0.5104895104895105 0.6940104166666666 0.5221445221445221 0.6998697916666666 0.5361305361305362 0.7161458333333334 0.6223776223776224 0.7194010416666666 0.6282051282051282 0.7213541666666666 0.7062937062937062 0.7220052083333334 0.7167832167832168 0.724609375 0.7191142191142191 0.9270833333333334 0.7191142191142191 0.9407552083333334 0.7331002331002331 0.94140625 0.754079254079254 0.9459635416666666 0.7680652680652681 0.9713541666666666 0.7692307692307693 0.9837239583333334 0.7657342657342657 0.984375 0.7424242424242424 0.9954427083333334 0.7097902097902098 0.9954427083333334 0.6107226107226107 0.98828125 0.6060606060606061 0.9856770833333334 0.5874125874125874 0.986328125 0.5675990675990676 0.9921875 0.5606060606060606 0.994140625 0.5431235431235432 0.9850260416666666 0.5291375291375291 0.9869791666666666 0.5128205128205128 0.9947916666666666 0.513986013986014 0.994140625 0.3531468531468531 0.99609375 0.34382284382284384 0.9947916666666666 0.29603729603729606 0.9967447916666666 0.2727272727272727 0.9947916666666666 0.23076923076923078 0.98046875 0.20163170163170163 0.9466145833333334 0.15151515151515152 0.9388020833333334 0.1445221445221445 0.931640625 0.15384615384615385 0.9055989583333334 0.1258741258741259 0.9055989583333334 0.022144522144522144 0.904296875 0.015151515151515152 0.8971354166666666 0.006993006993006993 0.6484375 0.004662004662004662 0.6263020833333334 0.006993006993006993 0.6184895833333334 0.013986013986013986 0.6106770833333334 0.006993006993006993 0.3736979166666667 0.006993006993006993 0.3671875 0.01282051282051282 0.349609375 0.005827505827505828 0.103515625 0.006993006993006993 0.09635416666666667 0.013986013986013986 0.09375 0.026806526806526808 0.09440104166666667 0.1317016317016317 0.07486979166666667 0.14102564102564102 0.06380208333333333 0.13986013986013987 0.054036458333333336 0.14918414918414918 0.022786458333333332 0.19463869463869463
1 0.09440104166666667 0.029137529137529136 0.09375 0.13636363636363635 0.09700520833333333 0.14219114219114218 0.119140625 0.15034965034965034 0.14518229166666666 0.15034965034965034 0.17838541666666666 0.1351981351981352 0.21614583333333334 0.10372960372960373 0.22330729166666666 0.10955710955710955 0.24348958333333334 0.29603729603729606 0.24479166666666666 0.3344988344988345 0.2513020833333333 0.3741258741258741 0.3216145833333333 0.3752913752913753 0.3444010416666667 0.3811188811188811 0.359375 0.3811188811188811 0.3619791666666667 0.372960372960373 0.3717447916666667 0.3811188811188811 0.4173177083333333 0.3752913752913753 0.5730468750000001 0.3764568764568765 0.609375 0.3811188811188811 0.6178385416666666 0.372960372960373 0.6197916666666666 0.36247086247086246 0.6184895833333334 0.3484848484848485 0.6158854166666666 0.3473193473193473 0.6126302083333334 0.08508158508158509 0.609375 0.08158508158508158 0.609375 0.06643356643356643 0.61328125 0.06060606060606061 0.609375 0.05244755244755245 0.61328125 0.011655011655011656 0.6028645833333334 0.008158508158508158 0.20963541666666666 0.009324009324009324 0.11783854166666667 0.005827505827505828 0.09830729166666667 0.011655011655011656
5 0.07682291666666667 0.14335664335664336 0.07747395833333333 0.16433566433566432 0.083984375 0.17482517482517482 0.08138020833333333 0.18414918414918416 0.087890625 0.2062937062937063 0.09505208333333333 0.21794871794871795 0.091796875 0.23426573426573427 0.09830729166666667 0.2902097902097902 0.103515625 0.2948717948717949 0.103515625 0.34498834498834496 0.11067708333333333 0.3927738927738928 0.10872395833333333 0.40559440559440557 0.11197916666666667 0.4219114219114219 0.16927083333333334 0.38927738927738925 0.21875 0.3787878787878788 0.24479166666666666 0.37995337995337997 0.24674479166666666 0.3764568764568765 0.23893229166666666 0.29603729603729606 0.240234375 0.2878787878787879 0.220703125 0.10839160839160839 0.21354166666666666 0.10955710955710955 0.205078125 0.12004662004662005 0.17317708333333334 0.14335664335664336 0.16861979166666666 0.15151515151515152 0.15299479166666666 0.15384615384615385 0.15104166666666666 0.15967365967365968 0.12174479166666667 0.1585081585081585 0.11783854166666667 0.15384615384615385 0.08723958333333333 0.15034965034965034 0.08333333333333333 0.14335664335664336
1 0.6204427083333334 0.015151515151515152 0.62109375 0.32051282051282054 0.623046875 0.3344988344988345 0.6295572916666666 0.30652680652680653 0.6334635416666666 0.25524475524475526 0.6373697916666666 0.14219114219114218 0.6435546875 0.13053613053613053 0.689453125 0.15034965034965034 0.7213541666666666 0.15034965034965034 0.744140625 0.14335664335664336 0.748046875 0.14685314685314685 0.7493489583333334 0.13986013986013987 0.76171875 0.13752913752913754 0.77734375 0.13752913752913754 0.7825520833333334 0.10955710955710955 0.78125 0.0944055944055944 0.7884114583333334 0.10256410256410256 0.7936197916666666 0.10139860139860139 0.8053385416666666 0.11072261072261072 0.814453125 0.11188811188811189 0.828125 0.12354312354312354 0.8489583333333334 0.1247086247086247 0.86328125 0.13053613053613053 0.8990885416666666 0.1282051282051282 0.9049479166666666 0.12354312354312354 0.9069010416666666 0.11188811188811189 0.9049479166666666 0.02564102564102564 0.90234375 0.015151515151515152 0.8938802083333334 0.008158508158508158 0.875 0.01282051282051282 0.859375 0.006993006993006993 0.79296875 0.008158508158508158 0.72265625 0.017482517482517484 0.7330729166666666 0.009324009324009324 0.7063802083333334 0.008158508158508158 0.6822916666666666 0.011655011655011656 0.646484375 0.004662004662004662 0.6256510416666666 0.006993006993006993
5 0.623046875 0.38578088578088576 0.6223958333333334 0.3997668997668998 0.626953125 0.40093240093240096 0.6477864583333334 0.3881118881118881 0.673828125 0.38344988344988346 0.7369791666666666 0.38461538461538464 0.7825520833333334 0.3939393939393939 0.7936197916666666 0.37995337995337997 0.8470052083333334 0.3951048951048951 0.892578125 0.42074592074592077 0.8971354166666666 0.40792540792540793 0.9166666666666666 0.22377622377622378 0.9322916666666666 0.12937062937062938 0.86328125 0.13752913752913754 0.826171875 0.12937062937062938 0.7890625 0.10606060606060606 0.7858072916666666 0.13228438228438227 0.7779947916666666 0.14335664335664336 0.7428385416666666 0.1561771561771562 0.69921875 0.1585081585081585 0.6809895833333334 0.15384615384615385 0.6412760416666666 0.13403263403263405 0.6380208333333334 0.14685314685314685 0.6393229166666666 0.18026456876456876 0.6341145833333334 0.2738927738927739
3 0.9036458333333334 0.3741258741258741 0.90234375 0.42657342657342656 0.9173177083333334 0.458041958041958 0.9225260416666666 0.48951048951048953 0.9231770833333334 0.6736596736596736 0.9212239583333334 0.7156177156177156 0.94140625 0.7191142191142191 0.947265625 0.7156177156177156 0.9615885416666666 0.7191142191142191 0.9772135416666666 0.7144522144522144 0.9928385416666666 0.7167832167832168 0.9967447916666666 0.6818181818181818 0.9967447916666666 0.3111888111888112 0.9993489583333334 0.2773892773892774 0.9967447916666666 0.23543123543123542 0.9947916666666666 0.2261072261072261 0.984375 0.20745920745920746 0.9388020833333334 0.14335664335664336 0.9348958333333334 0.14335664335664336 0.9309895833333334 0.15268065268065267 0.9212239583333334 0.2097902097902098
6 0.001953125 0.2400932400932401 0 0.2715617715617716 0 0.5629370629370629 0.004557291666666667 0.6686095571095572 0.00390625 0.7062937062937062 0.007161458333333333 0.7167832167832168 0.016276041666666668 0.7202797202797203 0.020182291666666668 0.7284382284382285 0.020182291666666668 0.7365967365967366 0.017578125 0.7389277389277389 0.018229166666666668 0.7680652680652681 0.054036458333333336 0.7680652680652681 0.05859375 0.7575757575757576 0.059244791666666664 0.7226107226107226 0.08072916666666667 0.7144522144522144 0.07682291666666667 0.6328671328671329 0.08072916666666667 0.6025641025641025 0.078125 0.5944055944055944 0.078125 0.48717948717948717 0.08333333333333333 0.4603729603729604 0.10546875 0.4289044289044289 0.10677083333333333 0.42074592074592077 0.08919270833333333 0.2296037296037296 0.07421875 0.16083916083916083 0.07356770833333333 0.14219114219114218 0.06380208333333333 0.13986013986013987 0.05078125 0.15268065268065267 0.012369791666666666 0.21212121212121213 0.004557291666666667 0.2261072261072261
7 0.080078125 0.4825174825174825 0.07877604166666667 0.5641025641025641 0.08072916666666667 0.5944055944055944 0.08268229166666667 0.6072261072261073 0.08984375 0.6107226107226107 0.2838541666666667 0.6107226107226107 0.287109375 0.6048951048951049 0.296875 0.5442890442890443 0.3072916666666667 0.5198135198135199 0.3209635416666667 0.5116550116550117 0.3502604166666667 0.5046620046620046 0.6263020833333334 0.5034965034965035 0.6673177083333334 0.5081585081585082 0.681640625 0.5128205128205128 0.6959635416666666 0.527972027972028 0.7154947916666666 0.6083916083916084 0.9075520833333334 0.6107226107226107 0.916015625 0.6083916083916084 0.919921875 0.5955710955710956 0.9186197916666666 0.527972027972028 0.9205729166666666 0.5023310023310024 0.916015625 0.4592074592074592 0.9114583333333334 0.44871794871794873 0.8971354166666666 0.43006993006993005 0.857421875 0.40442890442890445 0.8131510416666666 0.38927738927738925 0.4576822916666667 0.3776223776223776 0.3938802083333333 0.3811188811188811 0.3717447916666667 0.38927738927738925 0.3658854166666667 0.3974358974358974 0.3548177083333333 0.38578088578088576 0.3079427083333333 0.3787878787878788 0.2643229166666667 0.3787878787878788 0.20572916666666666 0.38578088578088576 0.158203125 0.3986013986013986 0.103515625 0.43356643356643354 0.083984375 0.4603729603729604
4 0.9407552083333334 0.7261072261072261 0.9407552083333334 0.7552447552447552 0.9466145833333334 0.7692307692307693 0.9739583333333334 0.7703962703962703 0.984375 0.7645687645687645 0.982421875 0.7226107226107226 0.9420572916666666 0.7226107226107226
4 0.016276041666666668 0.7237762237762237 0.015625 0.7599067599067599 0.017578125 0.7692307692307693 0.053385416666666664 0.7703962703962703 0.059244791666666664 0.7587412587412588 0.05859375 0.7226107226107226
2 0.7161458333333334 0.6142191142191142 0.71484375 0.62004662004662 0.7200520833333334 0.6491841491841492 0.7233072916666666 0.7191142191142191 0.9088541666666666 0.7202797202797203 0.9147135416666666 0.717948717948718 0.9166666666666666 0.7097902097902098 0.916015625 0.6853146853146853 0.919921875 0.6538461538461539 0.9173177083333334 0.634032634032634 0.9192708333333334 0.6258741258741258 0.9147135416666666 0.6142191142191142
2 0.07877604166666667 0.6165501165501166 0.07942708333333333 0.7051282051282052 0.08333333333333333 0.7191142191142191 0.271484375 0.7202797202797203 0.27734375 0.717948717948718 0.279296875 0.7121212121212122 0.2799479166666667 0.6515151515151515 0.2845052083333333 0.6223776223776224 0.28125 0.6153846153846154 0.08138020833333333 0.6118881118881119