5 0.4375 0.34875 0.4425 0.375 0.43875 0.45875 0.54125 0.46 0.5675 0.45625 0.5675 0.34875
5 0.25 0.34875 0.25125 0.46 0.3775 0.46 0.37625 0.40125 0.38125 0.34875
5 0.62625 0.3475 0.62625 0.46 0.7575 0.4575 0.75625 0.34875
7 0.1875 0.50375 0.1875 0.54625 0.19625 0.5525 0.80125 0.5525 0.81 0.5475 0.8125 0.53875 0.80875 0.5 0.77875 0.4525 0.395 0.45375 0.36 0.46375 0.25 0.4625 0.2425 0.455 0.22 0.45375
6 0.14375 0.4475 0.14625 0.63 0.1475 0.64625 0.1575 0.65375 0.1725 0.65125 0.18375 0.6425 0.18375 0.50375 0.2125 0.4525 0.20875 0.40125 0.1775 0.4
3 0.7875 0.40375 0.78625 0.45625 0.8125 0.50375 0.81375 0.56875 0.815 0.6075 0.815 0.65 0.84875 0.6475 0.85375 0.58125 0.85375 0.44875 0.8175 0.3975 0.79625 0.39625
2 0.19125 0.56 0.19125 0.6375 0.205 0.64625 0.2525 0.64125 0.275 0.645 0.4775 0.64 0.57125 0.64375 0.60625 0.6375 0.795 0.63875 0.79875 0.635 0.80125 0.56625 0.7975 0.5575 0.7725 0.55 0.61125 0.55625 0.81 0.5625 0.6025 0.5475 0.54625 0.555 0.54 0.55875 0.515 0.5575 0.49 0.555 0.48875 0.55875 0.34 0.5525
1 0.245 0.4525 0.2175 0.455 0.21 0.4 0.175 0.4 0.1825 0.335 0.2075 0.325 0.2125 0.32 0.7825 0.3175 0.7825 0.33 0.8175 0.33 0.8175 0.39 0.79 0.395 0.785 0.45 0.7625 0.4525 0.755 0.345 0.6175 0.3475 0.63 0.3925 0.62 0.455 0.575 0.4525 0.565 0.3975 0.5725 0.345 0.43 0.345 0.445 0.3825 0.435 0.455 0.385 0.4575 0.375 0.4 0.3825 0.3425 0.33 0.3475 0.2425 0.345 0.2525 0.4
4 0.8225 0.6525 0.81875 0.65375 0.82 0.675 0.82375 0.68 0.83875 0.68 0.84 0.65375
4 0.17 0.65125 0.1575 0.65375 0.1575 0.6775 0.17125 0.68125 0.18 0.67375 0.18625 0.65
0 0.17875 0.33125 0.17875 0.38916625000000005 0.1425 0.4525 0.145 0.635 0.1475 0.65 0.15625 0.655 0.15875 0.68 0.17625 0.68 0.195 0.65 0.37 0.6475 0.79375 0.64875 0.80875 0.655 0.8225 0.68 0.84 0.67875 0.85125 0.64125 0.85375 0.45125 0.81625 0.3875 0.81625 0.33125 0.785 0.32875 0.77875 0.32 0.75125 0.3175 0.61125 0.3175 0.59125 0.32125 0.5775 0.31625 0.23 0.3175 0.1975 0.33