5 0.44583333333333336 0.5466666666666666 0.44333333333333336 0.5491666666666667 0.4475 0.5906666666666667 0.44583333333333336 0.6091666666666666 0.44916666666666666 0.6116666666666667 0.5016666666666667 0.6158333333333333 0.53 0.6116666666666667 0.5816666666666667 0.6125 0.5841666666666666 0.6091666666666666 0.5816666666666667 0.5475 0.5033333333333333 0.55
5 0.725 0.5325 0.7266666666666667 0.58 0.715 0.6041666666666666 0.7175 0.6091666666666666 0.805 0.6158333333333333 0.825 0.6133333333333333 0.8316666666666667 0.5325 0.83 0.5241666666666667 0.8233333333333334 0.5216666666666666 0.7933333333333333 0.5283333333333333 0.7683333333333333 0.5283333333333333 0.7566666666666667 0.5275 0.7366666666666667 0.5191666666666667 0.7275 0.5233333333333333
5 0.19083333333333333 0.5283333333333333 0.18916666666666668 0.5375 0.19583333333333333 0.5833333333333334 0.19583333333333333 0.6085 0.1925 0.6225 0.30333333333333334 0.6075 0.29333333333333333 0.59 0.285 0.5241666666666667 0.2866666666666667 0.5183333333333333 0.2825 0.5141666666666667 0.23833333333333334 0.5233333333333333 0.19833333333333333 0.5233333333333333
0 0.11583333333333333 0.595 0.11583333333333333 0.6016666666666667 0.12 0.6075 0.115 0.6683333333333333 0.11583333333333333 0.7075 0.11916666666666667 0.7241666666666666 0.13 0.7383333333333333 0.13 0.7633333333333333 0.135 0.7583333333333333 0.1425 0.7366666666666667 0.1575 0.7291666666666666 0.25166666666666665 0.7258333333333333 0.30833333333333335 0.7283333333333334 0.86 0.7291666666666666 0.8708333333333333 0.7341666666666666 0.8833333333333333 0.7641666666666667 0.8866666666666667 0.7625 0.885 0.73875 0.9008333333333334 0.7116666666666667 0.9025 0.6525 0.8966666666666666 0.6066666666666667 0.9016666666666666 0.6033333333333334 0.9016666666666666 0.5958333333333333 0.8908333333333334 0.5758333333333333 0.8725 0.5525 0.855 0.545 0.8508333333333333 0.5216666666666666 0.8525 0.4841666666666667 0.8483333333333334 0.48083333333333333 0.5025 0.4825 0.16666666666666666 0.48 0.16 0.4841666666666667 0.1575 0.49083333333333334 0.1575 0.5158333333333334 0.15166666666666667 0.5433333333333333 0.14 0.5525
1 0.1575 0.48875 0.15583333333333332 0.52875 0.15833333333333333 0.5445833333333333 0.1775 0.5554166666666667 0.1825 0.5545833333333333 0.185 0.54875 0.18416666666666667 0.5254166666666666 0.195 0.51875 0.22833333333333333 0.5179166666666667 0.2791666666666667 0.5079166666666667 0.2891666666666667 0.5145833333333333 0.2966666666666667 0.59125 0.3 0.5970833333333333 0.31583333333333335 0.6054166666666667 0.44083333333333335 0.6070833333333333 0.44416666666666665 0.6004166666666667 0.44583333333333336 0.5770833333333333 0.44166666666666665 0.5545833333333333 0.44583333333333336 0.54375 0.4508333333333333 0.5420833333333334 0.4891666666666667 0.5445833333333333 0.5025 0.54125 0.5175 0.5445833333333333 0.5766666666666667 0.5429166666666667 0.5841666666666666 0.5529166666666666 0.5816666666666667 0.58625 0.5866666666666667 0.6079166666666667 0.7058333333333333 0.6045833333333334 0.7158333333333333 0.59625 0.72 0.5879166666666666 0.7241666666666666 0.5720833333333334 0.7229166666666667 0.5145833333333333 0.83125 0.5229166666666667 0.8416666666666667 0.5604166666666667 0.8533333333333334 0.5445833333333333 0.8541666666666666 0.55 0.8516666666666667 0.4845833333333333 0.8491666666666666 0.48125 0.8416666666666667 0.48041666666666666 0.6066666666666667 0.47875 0.5116666666666667 0.48041666666666666 0.5033333333333333 0.48291666666666666 0.47 0.47875 0.17166666666666666 0.47875 0.16083333333333333 0.48125
7 0.15333333333333332 0.6633333333333333 0.15166666666666667 0.6933333333333334 0.16333333333333333 0.7066666666666667 0.16416666666666666 0.7183333333333334 0.16666666666666666 0.7158333333333333 0.17416666666666666 0.7208333333333333 0.17916666666666667 0.7175 0.21833333333333332 0.715 0.4841666666666667 0.7166666666666667 0.5108333333333334 0.7141666666666666 0.595 0.7166666666666667 0.6175 0.7125 0.7058333333333333 0.715 0.7158333333333333 0.7108333333333333 0.7391666666666666 0.7133333333333334 0.7483333333333333 0.7116666666666667 0.76875 0.7125 0.8458333333333333 0.7083333333333334 0.85625 0.6875 0.8145833333333333 0.7125 0.8541666666666666 0.6958333333333333 0.785 0.6783333333333333 0.8541666666666666 0.7083333333333334 0.8541666666666666 0.6854166666666667 0.8583333333333333 0.68125 0.8416666666666667 0.6541666666666667 0.8458333333333333 0.6458333333333334 0.84375 0.6395833333333333 0.8416666666666667 0.625 0.7604166666666666 0.6145833333333334 0.7483333333333333 0.6266666666666667 0.80625 0.61875 0.6675 0.6216666666666667 0.7583333333333333 0.6166666666666667 0.61875 0.60625 0.6020833333333333 0.6166666666666667 0.5791666666666667 0.6145833333333334 0.5291666666666667 0.6225 0.5266666666666666 0.6275 0.5175 0.625 0.5141666666666667 0.6283333333333333 0.4891666666666667 0.6191666666666666 0.43833333333333335 0.6125 0.38333333333333336 0.6141666666666666 0.3491666666666667 0.6208333333333333 0.32083333333333336 0.6158333333333333 0.30833333333333335 0.6166666666666667 0.3025 0.6125 0.175 0.6275 0.17083333333333334 0.64 0.17333333333333334 0.6433333333333333
6 0.11666666666666667 0.5916666666666667 0.11583333333333333 0.7041666666666667 0.11833333333333333 0.7166666666666667 0.12666666666666668 0.7283333333333334 0.14833333333333334 0.7291666666666666 0.15916666666666668 0.7208333333333333 0.16166666666666665 0.7133333333333334 0.16166666666666665 0.675 0.17583333333333334 0.6458333333333334 0.18583333333333332 0.615 0.18416666666666667 0.5858333333333333 0.17583333333333334 0.5608333333333333 0.16083333333333333 0.555 0.15 0.545 0.14083333333333334 0.5516666666666666
3 0.83 0.5741666666666667 0.83 0.6233333333333333 0.8608333333333333 0.6808333333333333 0.8591666666666666 0.7166666666666667 0.8666666666666667 0.725 0.88 0.7266666666666667 0.89 0.7241666666666666 0.8958333333333334 0.7191666666666666 0.8991666666666667 0.71 0.9008333333333334 0.6466666666666666 0.8941666666666667 0.615 0.895 0.6075 0.9025 0.6025 0.9008333333333334 0.5916666666666667 0.8725 0.5516666666666666 0.8591666666666666 0.5466666666666666 0.8383333333333334 0.5608333333333333
2 0.6791666666666667 0.7158333333333333 0.67 0.7166666666666667 0.6725 0.725 0.6808333333333333 0.73 0.8575 0.7275 0.8558333333333333 0.72 0.8375 0.715
2 0.16083333333333333 0.7133333333333334 0.15666666666666668 0.72 0.14583333333333334 0.725 0.135 0.7266666666666667 0.12083333333333333 0.7225 0.12083333333333333 0.7266666666666667 0.12583333333333332 0.7308333333333333 0.14416666666666667 0.7325 0.195 0.7275 0.2608333333333333 0.7258333333333333 0.29333333333333333 0.7291666666666666 0.3408333333333333 0.725 0.3625 0.7291666666666666 0.3975 0.7275 0.4033333333333333 0.7308333333333333 0.4375 0.7275 0.4558333333333333 0.7316666666666667 0.4625 0.7283333333333334 0.5591666666666667 0.7316666666666667 0.5933333333333334 0.7283333333333334 0.6133333333333333 0.72 0.6183333333333333 0.7133333333333334 0.30833333333333335 0.7158333333333333
4 0.1275 0.7433333333333333 0.12666666666666668 0.765 0.13166666666666665 0.7658333333333334 0.1425 0.7408333333333333 0.1525 0.7308333333333333 0.12833333333333333 0.7308333333333333
4 0.8583333333333333 0.7291666666666666 0.8725 0.7425 0.8791666666666667 0.7633333333333333 0.8866666666666667 0.7658333333333334 0.885 0.7325 0.8775 0.7291666666666666