1 0.23983315954118875 0.43614248479582973 0.23670490093847757 0.44917463075586445 0.24087591240875914 0.45351867940920937 0.4692387904066736 0.46481320590790615 0.7455683003128258 0.48392701998262383 0.7507820646506778 0.48218940052128584 0.7549530761209593 0.4474370112945265 0.7612095933263816 0.4291920069504778 0.7674661105318039 0.42397914856646396 0.8717413972888426 0.41876629018245004 0.8790406673618353 0.42137271937445697 0.8821689259645464 0.4326672458731538 0.8696558915537018 0.4456993918331885 0.867570385818561 0.46828844483058213 0.8613138686131386 0.48045178105994785 0.8665276329509907 0.5013032145960035 0.8779979144942649 0.5082536924413553 0.8832116788321168 0.49869678540399653 0.9176225234619395 0.3518679409209383 0.9124087591240876 0.33796698523023455 0.9040667361835245 0.3310165073848827 0.8779979144942649 0.3266724587315378 0.28988529718456724 0.317115551694179 0.28154327424400416 0.3205907906168549 0.27528675703858185 0.32927888792354476
1 0.7685328467153285 0.4482041702867072 0.7657476538060479 0.487994787141616 0.8440636079249217 0.49379843614248475 0.822482794577685 0.44040834057341444 0.7713169968717414 0.4462111207645526
1 0.8343169968717414 0.43924761077324065 0.8478915537017727 0.47551781059947873 0.8579864442127215 0.44882276281494354 0.856941605839416 0.43837706342311034
7 0.7601668404588112 0.5386620330147698 0.7580813347236705 0.5925282363162467 0.848800834202294 0.573414422241529 0.8706986444212722 0.5638575152041703 0.8665276329509907 0.5473501303214596 0.8415015641293013 0.4943527367506516 0.7674661105318039 0.48740225890529976
7 0.08237747653806048 0.48305821025195483 0.08342022940563086 0.5308427454387489 0.08654848800834203 0.5386620330147698 0.0948905109489051 0.5421372719374457 0.5985401459854015 0.5881841876629018 0.7257559958289885 0.6029539530842746 0.7403545359749739 0.5994787141615986 0.7445255474452555 0.5907906168549087 0.7518248175182481 0.48566463944396177 0.26173096976016685 0.4569939183318853 0.205422314911366 0.4587315377932233 0.11887382690302398 0.46828844483058213 0.09176225234619395 0.473501303214596
6 0.10427528675703858 0.3953084274543875 0.1032325338894682 0.4005212858384014 0.10948905109489052 0.40225890529973934 0.21584984358706985 0.4005212858384014 0.22627737226277372 0.3979148566463944 0.22314911366006257 0.39270199826238056
4 0.10295724713242962 0.4700582102519549 0.11172784150156413 0.46841181581233715 0.11439728884254431 0.41532406602953953 0.11630344108446297 0.4092841007819288 0.12087904066736184 0.4092841007819288 0.18036600625651722 0.4076950477845352 0.21201564129301356 0.4576038227628149 0.22040458811261732 0.455377932232841 0.2154473409801877 0.4531529105125977 0.22993743482794576 0.41214509122502174 0.2268873826903024 0.40515204170286706 0.21926068821689257 0.40133709817549956 0.11935453597497393 0.4019730668983493 0.10715224191866528 0.4092841007819288
4 0.0948905109489051 0.582971329278888 0.09384775808133472 0.6099044309296264 0.09906152241918666 0.6125108601216334 0.10218978102189781 0.6072980017376195 0.10427528675703858 0.5447437011294527 0.09697601668404589 0.5464813205907906
4 0.2805005213764338 0.5603822762814944 0.27632950990615224 0.5603822762814944 0.27632950990615224 0.5647263249348393 0.28988529718456724 0.580364900086881 0.2930135557872784 0.576889661164205
3 0.7643378519290928 0.4283231972198089 0.7674661105318039 0.4370112945264987 0.7966631908237748 0.43874891398783666 0.8748696558915537 0.4309296264118158 0.8800834202294057 0.42484795829713295 0.8561001042752867 0.42137271937445697
4 0.7413972888425443 0.6020851433536055 0.7434827945776851 0.6177237185056472 0.7372262773722628 0.6620330147697654 0.7382690302398331 0.6828844483058211 0.7455683003128258 0.6794092093831451 0.7685088633993743 0.4456993918331885 0.7799791449426486 0.43874891398783666 0.8206465067778936 0.44048653344917466 0.862356621480709 0.5334491746307559 0.8748696558915537 0.5708079930495221 0.881126173096976 0.576889661164205 0.9040667361835245 0.63249348392702 0.9124087591240876 0.6368375325803649 0.8529718456725756 0.4917463075586447 0.8654848800834203 0.45004344048653344 0.8613138686131386 0.4309296264118158 0.8362877997914494 0.4309296264118158 0.8321167883211679 0.43353605560382275 0.7653806047966631 0.4317984361424848 0.7580813347236705 0.45178105994787143 0.7466110531803962 0.5864465682015638
0 0.08237747653806048 0.4882710686359687 0.08446298227320125 0.5351867940920938 0.09801876955161627 0.5447437011294527 0.09697601668404589 0.6116420503909644 0.10114702815432743 0.6099044309296264 0.10531803962460896 0.5516941789748045 0.11157455683003129 0.5456125108601216 0.2575599582898853 0.5569070373588184 0.27528675703858185 0.5603822762814944 0.28884254431699685 0.578627280625543 0.2909280500521376 0.575152041702867 0.2846715328467153 0.5647263249348393 0.2909280500521376 0.5595134665508253 0.6882168925964547 0.5968722849695917 0.7434827945776851 0.6055603822762815 0.7372262773722628 0.6602953953084274 0.7372262773722628 0.682015638575152 0.7424400417101147 0.6828844483058211 0.7539103232533889 0.5977410947002606 0.7747653806047967 0.5899218071242398 0.8477580813347236 0.573414422241529 0.8759124087591241 0.573414422241529 0.8842544316996872 0.5838401390095569 0.9040667361835245 0.63249348392702 0.9071949947862357 0.635968722849696 0.9124087591240876 0.634231103388358 0.8748696558915537 0.5334491746307559 0.9165797705943691 0.3466550825369244 0.9051094890510949 0.3318853171155517 0.881126173096976 0.3266724587315378 0.291970802919708 0.317115551694179 0.2773722627737226 0.32493483927019984 0.2732012513034411 0.3336229365768897 0.24087591240875914 0.4326672458731538 0.22419186652763295 0.4257167680278019 0.22419186652763295 0.3935708079930495 0.12930135557872785 0.39270199826238056 0.10531803962460896 0.3953084274543875 0.10218978102189781 0.47089487402258906 0.08654848800834203 0.4769765421372719