1 0.23983315954118875 0.4274543874891399 0.2346193952033368 0.4526498696785404 0.3618352450469239 0.4596003475238923 0.40250260688216893 0.4578627280625543 0.45776850886339937 0.46655082536924414 0.6277372262773723 0.476107732406603 0.6402502606882169 0.4795829713292789 0.6809176225234619 0.48045178105994785 0.7476538060479666 0.4882710686359687 0.7539103232533889 0.48479582971329277 0.7612095933263816 0.43961772371850566 0.7737226277372263 0.42397914856646396 0.872784150156413 0.42397914856646396 0.8821689259645464 0.4317984361424848 0.8738269030239834 0.4456993918331885 0.8706986444212722 0.4639443961772372 0.8613138686131386 0.476107732406603 0.8592283628779979 0.49782797567332754 0.862356621480709 0.5099913119026933 0.8717413972888426 0.5212858384013901 0.8759124087591241 0.5195482189400521 0.881126173096976 0.5047784535186794 0.9176225234619395 0.35881841876629017 0.9040667361835245 0.34144222415291053 0.8644421272158499 0.3370981754995656 0.2857142857142857 0.3197219808861859 0.278415015641293 0.3205907906168549 0.2721584984358707 0.32754126846220677
1 0.7715818561001043 0.45165508253692443 0.7686861313868613 0.4904978279756733 0.845065693430657 0.49864552562988707 0.8240698644421273 0.44311989574283234 0.7780980187695516 0.44372371850564724 0.773029197080292 0.4449304952215465
1 0.8345683003128258 0.44124934839270197 0.8468759124087591 0.48235013032145957 0.8617174139728884 0.45187141615986104 0.8617174139728884 0.44432667245873153 0.858096976016684 0.44040399652476103
3 0.7685088633993743 0.4283231972198089 0.7685088633993743 0.43614248479582973 0.7737226277372263 0.43874891398783666 0.7966631908237748 0.43961772371850566 0.872784150156413 0.43527367506516074 0.8790406673618353 0.4309296264118158 0.8779979144942649 0.4274543874891399 0.8644421272158499 0.42484795829713295
7 0.7612095933263816 0.573414422241529 0.7601668404588112 0.5881841876629018 0.7653806047966631 0.5907906168549087 0.862356621480709 0.5699391833188532 0.8654848800834203 0.5595134665508253 0.8415015641293013 0.49695916594265854 0.7778936392075079 0.4908774978279757 0.7685088633993743 0.4926151172893136
7 0.08237747653806048 0.4778453518679409 0.08550573514077164 0.5299739357080799 0.10844629822732013 0.5377932232841007 0.7194994786235662 0.5986099044309297 0.7403545359749739 0.5968722849695917 0.7466110531803962 0.5907906168549087 0.7559958289885297 0.49956559513466553 0.7539103232533889 0.4891398783666377 0.264859228362878 0.4569939183318853 0.14494264859228362 0.4622067767158992 0.09071949947862357 0.47002606429192006
4 0.5057351407716372 0.5907906168549087 0.5046923879040668 0.6142484795829714 0.5067778936392076 0.6177237185056472 0.5130344108446299 0.6177237185056472 0.5151199165797706 0.578627280625543 0.5067778936392076 0.578627280625543
4 0.26277372262773724 0.5543006081668115 0.2721584984358707 0.5742832319721981 0.2794577685088634 0.577758470894874 0.2721584984358707 0.5586446568201564
4 0.08654848800834203 0.5760208514335361 0.08446298227320125 0.6046915725456126 0.08967674661105318 0.6064291920069504 0.09906152241918666 0.5421372719374457 0.09593326381647549 0.5377932232841007 0.08967674661105318 0.5421372719374457
4 0.7697685088633993 0.43830060816681143 0.7645015641293014 0.4434787141615986 0.7399259645464026 0.6805543006081668 0.7475328467153285 0.682018245004344 0.7703534932221063 0.4532345786272806 0.7773753910323253 0.44396611642050393 0.8230177267987487 0.4434787141615986 0.8990875912408759 0.6395786272806255 0.9055234619395204 0.6356759339704605 0.8534452554744525 0.49323544743701137 0.8692440041710114 0.45421025195482195 0.8721699687174139 0.44396611642050393 0.8663190823774765 0.43811294526498695
6 0.10114702815432743 0.38922675933970463 0.10114702815432743 0.3953084274543875 0.1105318039624609 0.3970460469157255 0.18248175182481752 0.3996524761077324 0.22002085505735142 0.3979148566463944 0.22210636079249219 0.3953084274543875 0.21793534932221065 0.38922675933970463
4 0.10942648592283628 0.3971980886185925 0.10503962460896768 0.40376194613379673 0.09811470281543275 0.46881146828844483 0.10596350364963504 0.466501303214596 0.11242752867570385 0.40722589052997393 0.1175067778936392 0.40106776715899217 0.17799061522419188 0.4022224152910513 0.20707924921793536 0.4595734144222416 0.21631386861313867 0.4557245873153779 0.20938790406673619 0.44687141615986103 0.22924087591240877 0.40722589052997393 0.22600938477580812 0.4002980017376195 0.21538998957247132 0.39567854039965245
0 0.07866736183524504 0.6024483058210252 0.09032221063607924 0.5403657688966117 0.08061001042752869 0.5257923544743701 0.07963920750782064 0.47478540399652475 0.09129301355578727 0.4650695047784535 0.10003441084462983 0.46668809730668986 0.10391970802919709 0.38329539530842743 0.2243482794577685 0.3873431798436142 0.23114702815432742 0.40515551694178975 0.21172367049009386 0.44968635968722853 0.21172367049009386 0.45211468288444834 0.23406047966631907 0.4537341442224153 0.2729092805005214 0.3169044309296264 0.904193952033368 0.3379556907037359 0.9275026068821689 0.35819635099913116 0.8721438998957247 0.5363179843614249 0.9071074035453598 0.6359035621198957 0.8973952033368091 0.6407619461337968 0.8750573514077163 0.5776099044309296 0.8371803962460896 0.5743709817549957 0.7614264859228362 0.5921833188531711 0.7517142857142857 0.6877211120764553 0.7371459854014598 0.6828635968722849 0.7449155370177268 0.6051372719374457 0.516681960375391 0.580847958297133 0.5205672575599583 0.6237593397046047 0.5050271115745568 0.6213301476976542 0.5050271115745568 0.5743709817549957 0.26708237747653807 0.5549400521285839 0.2894191866527633 0.5792293657688966 0.27485192909280504 0.5792293657688966 0.2525140771637122 0.5573683753258036 0.10391970802919709 0.542794960903562 0.09712095933263816 0.6099956559513466