4 0.15425531914893617 0.6101895734597157 0.15070921985815602 0.659952606635071 0.17907801418439717 0.6611374407582938 0.17907801418439717 0.6125592417061612 0.17553191489361702 0.6090047393364929
6 0.15780141843971632 0.5165876777251185 0.15602836879432624 0.5485781990521327 0.16312056737588654 0.5580568720379147 0.21453900709219859 0.5616113744075829 0.26063829787234044 0.5533175355450237 0.26063829787234044 0.5213270142180095 0.25354609929078015 0.514218009478673 0.19148936170212766 0.5106635071090048
0 0.15780141843971632 0.5213270142180095 0.14361702127659576 0.5521327014218009 0.1524822695035461 0.6623222748815166 0.1773049645390071 0.6623222748815166 0.18085106382978725 0.6531398104265402 0.21631205673758866 0.6457345971563981 0.2322695035460993 0.6279620853080569 0.24113475177304963 0.6267772511848341 0.4521276595744681 0.6255924170616114 0.7606382978723404 0.6255924170616114 0.7730496453900709 0.6279620853080569 0.7783687943262412 0.6469194312796208 0.8102836879432624 0.6516587677725119 0.8138297872340425 0.6623222748815166 0.8404255319148937 0.6611374407582938 0.8475177304964538 0.5592417061611374 0.8297872340425532 0.518957345971564 0.8156028368794326 0.5177725118483413 0.8085106382978723 0.5118483412322274 0.7393617021276596 0.5154028436018957 0.7287234042553191 0.533175355450237 0.7180851063829787 0.5343601895734598 0.5567375886524822 0.5319905213270142 0.5372340425531915 0.5355450236966824 0.25886524822695034 0.523696682464455 0.2393617021276596 0.5118483412322274 0.18085106382978725 0.5118483412322274
7 0.1453900709219858 0.5699052132701422 0.14361702127659576 0.5947867298578199 0.15780141843971632 0.6018957345971564 0.8102836879432624 0.6030805687203792 0.8386524822695035 0.6018957345971564 0.8475177304964538 0.5947867298578199 0.8404255319148937 0.5651658767772512 0.7358156028368794 0.5580568720379147 0.29609929078014185 0.556872037914692 0.16134751773049646 0.5616113744075829
1 0.5372340425531915 0.533175355450237 0.5354609929078015 0.5462085308056872 0.5656028368794326 0.5485781990521327 0.7198581560283688 0.54739336492891 0.7269503546099291 0.5390995260663507 0.725177304964539 0.5343601895734598 0.7092198581560284 0.533175355450237
1 0.2641843971631206 0.5343601895734598 0.2641843971631206 0.5414691943127962 0.28900709219858156 0.5485781990521327 0.374113475177305 0.54739336492891 0.4095744680851064 0.5533175355450237 0.4237588652482269 0.54739336492891 0.4592198581560284 0.5462085308056872 0.45567375886524825 0.5343601895734598 0.4326241134751773 0.5319905213270142
4 0.19326241134751773 0.6291469194312796 0.19326241134751773 0.6433649289099526 0.21631205673758866 0.6445497630331753 0.21631205673758866 0.6291469194312796
3 0.7322695035460993 0.5225118483412322 0.7322695035460993 0.5521327014218009 0.7783687943262412 0.5604265402843602 0.8280141843971631 0.5580568720379147 0.8457446808510638 0.5639810426540285 0.8315602836879432 0.5154028436018957 0.8102836879432624 0.5106635071090048 0.7641843971631206 0.5106635071090048 0.7375886524822695 0.514218009478673
4 0.7783687943262412 0.6267772511848341 0.774822695035461 0.6433649289099526 0.7978723404255319 0.6445497630331753 0.799645390070922 0.6279620853080569
4 0.8120567375886525 0.6125592417061612 0.8120567375886525 0.659952606635071 0.8386524822695035 0.6611374407582938 0.8404255319148937 0.6113744075829384 0.8262411347517731 0.6078199052132701
2 0.18085106382978725 0.6042654028436019 0.17375886524822695 0.6078199052132701 0.17907801418439717 0.6267772511848341 0.6329787234042553 0.6232227488151659 0.7854609929078015 0.6279620853080569 0.8156028368794326 0.6267772511848341 0.8138297872340425 0.6149289099526066 0.8209219858156028 0.6090047393364929 0.8067375886524822 0.6030805687203792 0.7783687943262412 0.6018957345971564