7 0.022222222222222223 0.535 0.022222222222222223 0.56 0.075 0.5766666666666667 0.5347222222222222 0.665 0.6527777777777778 0.6816666666666666 0.6819444444444445 0.6733333333333333 0.6875 0.6583333333333333 0.6875 0.5266666666666666 0.6805555555555556 0.5216666666666666 0.21666666666666667 0.47833333333333333 0.08055555555555556 0.49333333333333335 0.03611111111111111 0.5133333333333333
5 0.5208333333333334 0.38333333333333336 0.5166666666666667 0.45 0.5055555555555555 0.5016666666666667 0.6722222222222223 0.515 0.6708333333333333 0.49 0.6791666666666667 0.4583333333333333 0.6888888888888889 0.37 0.6018513888888889 0.38 0.525 0.36666666666666664
5 0.07916666666666666 0.3983333333333333 0.06666666666666667 0.4 0.06666666666666667 0.4066666666666667 0.11527777777777778 0.485 0.24583333333333332 0.47333333333333333 0.20416666666666666 0.3983333333333333
7 0.7041666666666667 0.5383333333333333 0.7055555555555556 0.5733333333333334 0.775 0.56 0.7930555555555555 0.57 0.7876986111111112 0.5595233333333334 0.8035708333333333 0.5571433333333333 0.8 0.5533333333333333 0.7819444444444444 0.54 0.7277777777777777 0.53 0.7263888888888889 0.5233333333333333 0.7055555555555556 0.5316666666666666
5 0.2652777777777778 0.44 0.25972222222222224 0.4716666666666667 0.2652777777777778 0.47833333333333333 0.3875 0.48833333333333334 0.4013888888888889 0.44166666666666665 0.41388888888888886 0.36666666666666664 0.40555555555555556 0.36333333333333334 0.37453749999999997 0.37166666666666665 0.2861111111111111 0.36333333333333334
1 0.2738097222222222 0.32857166666666665 0.8710319444444445 0.338095 0.8829361111111111 0.3595233333333333 0.8809527777777777 0.38571500000000003 0.8908736111111111 0.3785716666666667 0.8968250000000001 0.47381 0.8452375000000001 0.4666666666666667 0.8611111111111112 0.4452383333333333 0.7996027777777779 0.42381 0.809523611111111 0.45476166666666673 0.7996027777777779 0.45476166666666673 0.7857138888888889 0.40952333333333335 0.7361111111111112 0.414285 0.7380958333333333 0.4476183333333334 0.7222222222222222 0.4714283333333334 0.6805555555555556 0.48333333333333334 0.6964291666666667 0.3595233333333333 0.6170638888888889 0.37381 0.5793652777777777 0.3690483333333333 0.5257930555555556 0.361905 0.5238097222222222 0.42381 0.5059527777777778 0.4952383333333333 0.47619027777777784 0.4976183333333334 0.3908736111111111 0.48809500000000006 0.4146819444444445 0.36428499999999997 0.353175 0.3690483333333333 0.2916666666666667 0.361905 0.2599208333333333 0.47619 0.24603194444444446 0.4666666666666667 0.24206388888888888 0.43333333333333335 0.24801527777777777 0.38333333333333336
3 0.6916666666666667 0.5266666666666666 0.6888888888888889 0.6866666666666666 0.6986111111111111 0.6933333333333334 0.7013888888888888 0.535 0.7138888888888889 0.5166666666666667 0.7402777777777778 0.5133333333333333 0.7166666666666667 0.5033333333333333 0.7013888888888888 0.51
6 0.04861111111111111 0.48 0.04583333333333333 0.5033333333333333 0.0625 0.495 0.07777777777777778 0.4683333333333333 0.09583333333333334 0.46166666666666667 0.08472222222222223 0.44666666666666666 0.07222222222222222 0.45
2 0.019444444444444445 0.57 0.022222222222222223 0.5833333333333334 0.041666666666666664 0.5883333333333334 0.059722222222222225 0.605 0.1111111111111111 0.6166666666666667 0.5986111111111111 0.7166666666666667 0.6180555555555556 0.7133333333333334 0.6236111111111111 0.7183333333333334 0.7666666666666667 0.7333333333333333 0.8013888888888889 0.73 0.9458333333333333 0.675 0.9875 0.6566666666666666 0.9930555555555556 0.645 0.9861111111111112 0.6333333333333333 0.9680555555555556 0.6316666666666667 0.9569444444444445 0.6433333333333333 0.825 0.6933333333333334 0.7708333333333334 0.7033333333333334 0.7138888888888889 0.6933333333333334 0.6888888888888889 0.6966666666666667 0.6819444444444445 0.6833333333333333 0.6416666666666667 0.6866666666666666 0.6055555555555555 0.6816666666666666 0.12361111111111112 0.59 0.06666666666666667 0.5783333333333334 0.043055555555555555 0.5666666666666667
4 0.04583333333333333 0.5916666666666667 0.04583333333333333 0.6433333333333333 0.05694444444444444 0.6483333333333333 0.06111111111111111 0.6066666666666667
4 0.9166666666666666 0.6883333333333334 0.9166666666666666 0.735 0.925 0.7466666666666667 0.9319444444444445 0.7416666666666667 0.9319444444444445 0.69 0.9305555555555556 0.685
4 0.7375 0.7316666666666667 0.7333333333333333 0.7366666666666667 0.7347222222222223 0.8083333333333333 0.7375 0.8183333333333334 0.7486111111111111 0.82 0.7541666666666667 0.8016666666666666 0.7541666666666667 0.7366666666666667
0 0.019444444444444445 0.534285 0.022222222222222223 0.5476183333333334 0.016666666666666666 0.5776183333333333 0.043055555555555555 0.5876183333333334 0.05 0.6459516666666667 0.05694444444444444 0.644285 0.058333333333333334 0.61873 0.07083333333333333 0.6026183333333334 0.7291666666666666 0.7409516666666667 0.7347222222222223 0.7492850000000001 0.7333333333333333 0.7759516666666667 0.7416666666666667 0.814285 0.7513888888888889 0.8126183333333333 0.7527777777777778 0.7376183333333334 0.8027777777777778 0.7276183333333334 0.9069444444444444 0.684285 0.9180555555555555 0.6909516666666667 0.9194444444444444 0.7309516666666667 0.925 0.7359516666666667 0.9361111111111111 0.674285 0.9861111111111112 0.654285 0.9916666666666667 0.6459516666666667 0.9902777777777778 0.6342850000000001 0.9652777777777778 0.6292850000000001 0.9611111111111111 0.6192850000000001 0.9603180555555555 0.6285716666666666 0.9107138888888889 0.6666666666666666 0.7996027777777779 0.6904766666666666 0.6984125 0.6928566666666667 0.6845236111111112 0.5190483333333333 0.6706347222222223 0.48571499999999995 0.7579361111111111 0.414285 0.8968250000000001 0.4690483333333333 0.8928569444444444 0.4023816666666667 0.8928569444444444 0.3785716666666667 0.8805555555555555 0.359285 0.8763888888888889 0.3426183333333333 0.8652777777777778 0.33595166666666665 0.6402777777777777 0.33261833333333335 0.625 0.33761833333333335 0.6194444444444445 0.33261833333333335 0.5125 0.329285 0.2763888888888889 0.32761833333333334 0.2625 0.33761833333333335 0.2361111111111111 0.43595166666666674 0.20277777777777778 0.394285 0.06666666666666667 0.39761833333333335 0.08472222222222223 0.4426183333333334 0.05555555555555555 0.4659516666666667 0.044444444444444446 0.5026183333333334 0.025 0.519285