5 0.21333333333333335 0.3408333333333333 0.2125 0.34833333333333333 0.21666666666666667 0.35583333333333333 0.325 0.4 0.335 0.4008333333333333 0.345 0.38416666666666666 0.3725 0.30916666666666665 0.38 0.285 0.38 0.2733333333333333 0.38666666666666666 0.25916666666666666 0.38666666666666666 0.24416666666666667 0.38333333333333336 0.24083333333333334 0.36 0.24 0.31916666666666665 0.23 0.2675 0.20666666666666667 0.2675 0.21166666666666667 0.25666666666666665 0.2225 0.24083333333333334 0.25916666666666666
5 0.4525 0.2683333333333333 0.39916666666666667 0.4216666666666667 0.4058333333333333 0.4275 0.4533333333333333 0.44333333333333336 0.5208333333333334 0.47333333333333333 0.5391666666666667 0.4791666666666667 0.5491666666666667 0.4775 0.555 0.47 0.5841666666666666 0.38166666666666665 0.6075 0.3225 0.6091666666666666 0.31 0.6066666666666667 0.30666666666666664 0.5816666666666667 0.30416666666666664 0.5308333333333334 0.29 0.49333333333333335 0.27666666666666667 0.4633333333333333 0.26
5 0.68 0.33166666666666667 0.6241666666666666 0.505 0.7275 0.5416666666666666 0.7625 0.5583333333333333 0.7791666666666667 0.5608333333333333 0.7958333333333333 0.5558333333333333 0.805 0.55 0.815 0.5291666666666667 0.8691666666666666 0.385 0.8683333333333333 0.37833333333333335 0.8658333333333333 0.37583333333333335 0.8441666666666666 0.37583333333333335 0.8041666666666667 0.36833333333333335 0.7475 0.35 0.6941666666666667 0.325 0.685 0.325
1 0.925 0.5391666666666667 0.9208333333333333 0.5525 0.9208333333333333 0.5841666666666666 0.9241666666666667 0.5875 0.9216666666666666 0.5975 0.925 0.6233333333333333 0.9333333333333333 0.6333333333333333 0.9366666666666666 0.6333333333333333 0.9391666666666667 0.63 0.9383333333333334 0.6041666666666666 0.9433333333333334 0.5916666666666667 0.94 0.5716666666666667 0.9458333333333333 0.5633333333333334 0.9466666666666667 0.5316666666666666 0.9383333333333334 0.5258333333333334
1 0.3525 0.37583333333333335 0.35083333333333333 0.3875 0.35333333333333333 0.3908333333333333 0.3975 0.4091666666666667 0.40166666666666667 0.4058333333333333 0.4425 0.2966666666666667 0.4425 0.2783333333333333 0.4008333333333333 0.265 0.38916666666666666 0.265
1 0.5616666666666666 0.45166666666666666 0.56 0.465 0.5625 0.4675 0.6108333333333333 0.485 0.6141666666666666 0.49083333333333334 0.6241666666666666 0.49083333333333334 0.6658333333333334 0.37916666666666665 0.6725 0.345 0.6091666666666666 0.325 0.5958333333333333 0.3541666666666667
1 0.815 0.5358333333333334 0.8133333333333334 0.5433333333333333 0.8208333333333333 0.5441666666666667 0.9475 0.4875 0.9516666666666667 0.48 0.95 0.465 0.9533333333333334 0.445 0.9458333333333333 0.42833333333333334 0.9116666666666666 0.4141666666666667 0.8766666666666667 0.4041666666666667 0.8641666666666666 0.4041666666666667 0.8583333333333333 0.4125
0 0.0025 0.31916666666666665 0.0033333333333333335 0.3325 0.015 0.3416666666666667 0.018333333333333333 0.35125 0.018333333333333333 0.365 0.015 0.3725 0.015 0.43 0.018333333333333333 0.5091666666666667 0.0225 0.5241666666666667 0.028333333333333332 0.5266666666666666 0.043333333333333335 0.525 0.05 0.5058333333333334 0.05333333333333334 0.5058333333333334 0.13416666666666666 0.5458333333333333 0.345 0.6408333333333334 0.35583333333333333 0.6483333333333333 0.44166666666666665 0.6533333333333333 0.46 0.6675 0.4666666666666667 0.6958333333333333 0.47333333333333333 0.7016666666666667 0.6966666666666667 0.8041666666666667 0.7008333333333333 0.8391666666666666 0.715 0.8491666666666666 0.7316666666666667 0.8491666666666666 0.7408333333333333 0.8433333333333334 0.7433333333333333 0.8058333333333333 0.7466666666666667 0.8 0.7591666666666667 0.7958333333333333 0.935 0.695 0.9475 0.6916666666666667 0.95 0.7083333333333334 0.9583333333333334 0.715 0.975 0.7166666666666667 0.985 0.7116666666666667 0.9891666666666666 0.6683333333333333 0.99 0.5525 0.9858333333333333 0.5058333333333334 0.9883333333333333 0.49666666666666665 0.9991666666666666 0.49083333333333334 0.9991666666666666 0.4683333333333333 0.9566666666666667 0.4558333333333333 0.9508333333333333 0.43416666666666665 0.9375 0.4225 0.8958333333333334 0.4091666666666667 0.865 0.4033333333333333 0.8691666666666666 0.385 0.8658333333333333 0.37583333333333335 0.8066666666666666 0.36833333333333335 0.7416666666666667 0.34833333333333333 0.6925 0.32416666666666666 0.26916666666666667 0.205 0.2625 0.20833333333333334 0.24166666666666667 0.25833333333333336 0.23416666666666666 0.26666666666666666 0.19083333333333333 0.275 0.06416666666666666 0.31 0.05333333333333334 0.3175 0.04083333333333333 0.31333333333333335 0.015 0.3125
7 0.0375 0.4175 0.04 0.43583333333333335 0.03833333333333333 0.46166666666666667 0.04083333333333333 0.47833333333333333 0.04583333333333333 0.485 0.1625 0.5408333333333334 0.405 0.6491666666666667 0.42833333333333334 0.6475 0.43083333333333335 0.6508333333333334 0.44916666666666666 0.655 0.4725 0.6808333333333333 0.6008333333333333 0.7383333333333333 0.6675 0.7658333333333334 0.685 0.7683333333333333 0.6958333333333333 0.7641666666666667 0.7 0.67 0.71 0.6258333333333334 0.7058333333333333 0.6191666666666666 0.6908333333333333 0.61 0.6866666666666666 0.5933333333333334 0.695 0.5816666666666667 0.7083333333333334 0.5758333333333333 0.7241666666666666 0.5758333333333333 0.7391666666666666 0.5716666666666667 0.7516666666666667 0.5741666666666667 0.7591666666666667 0.5658333333333333 0.7408333333333333 0.5533333333333333 0.6308333333333334 0.5133333333333333 0.6091666666666666 0.4866666666666667 0.5766666666666667 0.4725 0.56 0.4716666666666667 0.555 0.4791666666666667 0.5419441666666667 0.48333333333333334 0.5333333333333333 0.4825 0.485 0.45916666666666667 0.405 0.43 0.3958333333333333 0.4241666666666667 0.39416666666666667 0.415 0.38666666666666666 0.4033333333333333 0.37916666666666665 0.39916666666666667 0.3491666666666667 0.3925 0.3425 0.4025 0.3283333333333333 0.405 0.20583333333333334 0.35583333333333333 0.19166666666666668 0.3566666666666667 0.0625 0.3883333333333333 0.0525 0.3925 0.041666666666666664 0.4033333333333333
2 0.7491666666666666 0.7791666666666667 0.7491666666666666 0.8 0.7716666666666666 0.7891666666666667 0.7658333333333334 0.7833333333333333 0.7683333333333333 0.7783333333333333 0.7583333333333333 0.775
2 0.7925 0.7608333333333334 0.7708333333333334 0.7825 0.775 0.7866666666666666 0.9466666666666667 0.6891666666666667 0.9525 0.6783333333333333 0.9383333333333334 0.6766666666666666 0.9333333333333333 0.68 0.925 0.6775 0.8891666666666667 0.7083333333333334 0.8833333333333333 0.7066666666666667 0.8741666666666666 0.71 0.8741666666666666 0.7141666666666666 0.8625 0.7225 0.85 0.7225 0.8458333333333333 0.73 0.835 0.7366666666666667 0.8225 0.7366666666666667 0.8141666666666667 0.7458333333333333 0.8166666666666667 0.7525 0.8141666666666667 0.7608333333333334 0.81 0.7591666666666667 0.8033333333333333 0.7633333333333333
2 0.4666666666666667 0.68 0.465 0.6958333333333333 0.4725 0.7041666666666667 0.6825 0.8008333333333333 0.6975 0.805 0.6958333333333333 0.775 0.6525 0.7633333333333333
2 0.0375 0.485 0.035833333333333335 0.49666666666666665 0.043333333333333335 0.5058333333333334 0.27666666666666667 0.6116666666666667 0.355 0.6508333333333334 0.4025 0.6508333333333334 0.0475 0.48583333333333334
4 0.01875 0.35208333333333336 0.016666666666666666 0.35833333333333334 0.005 0.335 0.014166666666666666 0.33916666666666667 0.018333333333333333 0.3476666666666667 0.015 0.38416666666666666 0.018333333333333333 0.5166666666666667 0.023333333333333334 0.5258333333333334 0.043333333333333335 0.5258333333333334 0.04666666666666667 0.5225 0.04666666666666667 0.5083333333333333 0.035 0.495 0.03666666666666667 0.475 0.0325 0.4141666666666667 0.04 0.3975 0.04 0.3825 0.03333333333333333 0.3591666666666667 0.03333333333333333 0.3475 0.03958333333333333 0.3458333333333333 0.035416666666666666 0.35208333333333336 0.029166666666666667 0.34791666666666665 0.01875 0.35833333333333334
3 0.96125 0.4583333333333333 1 0.4583333333333333 0.9633333333333334 0.5333333333333333 0.9404166666666667 0.7 0.7508333333333334 0.8020833333333334 0.7195833333333334 0.61875 0.6904166666666667 0.6104166666666667 0.6904166666666667 0.5958333333333333 0.705 0.5833333333333334 0.7425 0.58125 0.9695833333333334 0.48125 0.9966666666666667 0.49583333333333335
6 0.23541666666666666 0.2625 0.04583333333333333 0.3125 0.010416666666666666 0.30833333333333335 0 0.325 0.020833333333333332 0.33958333333333335 0.052083333333333336 0.33125 0.06041666666666667 0.38333333333333336 0.2 0.34791666666666665
4 0.9525 0.6016666666666667 0.9491666666666667 0.66 0.9566666666666667 0.68 0.9491666666666667 0.6941666666666667 0.9491666666666667 0.7075 0.96 0.7166666666666667 0.98 0.7166666666666667 0.9858333333333333 0.7125 0.9883333333333333 0.6925 0.99 0.54 0.9858333333333333 0.5266666666666666 0.9841666666666666 0.49916666666666665 0.97 0.5041666666666667 0.9641666666666666 0.51 0.9583333333333334 0.5366666666666666