5 0.22 0.39 0.225 0.44 0.295 0.455 0.2625 0.4025
5 0.6425 0.355 0.6625 0.4375 0.845 0.425 0.83 0.33 0.735 0.33 0.71125 0.3525
0 0.075 0.355 0.0775 0.44 0.065 0.4625 0.0625 0.505 0.0875 0.5575 0.0875 0.675 0.105 0.6475 0.285 0.7 0.3175 0.7225 0.32 0.7475 0.335 0.7475 0.3375 0.735 0.95 0.565 0.9625 0.4175 0.95 0.3825 0.885 0.36 0.8325 0.3625 0.735 0.3225 0.735 0.29 0.7025 0.275 0.355 0.3075 0.2825 0.305 0.225 0.32 0.185 0.3125 0.0975 0.33
4 0.33 0.5225 0.32 0.585 0.3075 0.6 0.085 0.545 0.08 0.5825 0.0875 0.5925 0.09 0.575 0.11 0.5675 0.3125 0.625 0.3175 0.745 0.33 0.75 0.3375 0.71
6 0.065 0.465 0.0625 0.5 0.0725 0.53 0.12 0.5575 0.26 0.595 0.31 0.5975 0.3225 0.5725 0.32727249999999997 0.51591 0.3525 0.555 0.3575 0.5275 0.345 0.49 0.2975 0.46 0.1175 0.4275 0.0825 0.4375
3 0.84 0.3575 0.8425 0.405 0.855 0.4275 0.91 0.445 0.935 0.465 0.9575 0.4525 0.965 0.4025 0.9525 0.3775 0.9125 0.3625
7 0.3522725 0.48408999999999996 0.42045499999999997 0.4772725 0.5272725 0.45909 0.6545449999999999 0.429545 0.7795449999999999 0.43409 0.854545 0.4272725 0.920455 0.45227249999999997 0.945455 0.49318249999999997 0.945455 0.5431825 0.8568174999999999 0.5568175 0.6909099999999999 0.60909 0.33863750000000004 0.6977275000000001 0.33863750000000004 0.59091 0.3613625 0.5272725
1 0.079545 0.34091 0.1272725 0.32954500000000003 0.1568175 0.31591 0.229545 0.31591 0.3931825 0.3 0.7068175 0.27727250000000003 0.7431825000000001 0.2863625 0.7545449999999999 0.32954500000000003 0.7318174999999999 0.32954500000000003 0.7386375 0.3477275 0.6272725 0.3522725 0.6590900000000001 0.425 0.34545499999999996 0.4863625 0.30909 0.46136249999999995 0.24091 0.379545 0.2113625 0.38181750000000003 0.2181825 0.4431825 0.1363625 0.42045499999999997 0.079545 0.429545
4 0.085 0.61 0.085 0.6775 0.0925 0.68 0.0975 0.6475
7 0.1068175 0.5704549999999999 0.30909 0.6227275 0.31591 0.704545 0.29091 0.7068175 0.09090999999999999 0.64091 0.09090999999999999 0.5772725
4 0.6425 0.6175 0.64 0.64 0.6475 0.645 0.6575 0.6175
4 0.68 0.6075 0.675 0.6325 0.6875 0.635 0.695 0.6075
4 0.9525 0.4125 0.95 0.4425 0.935 0.4675 0.945 0.49 0.9475 0.57 0.955 0.56 0.96 0.4625