5 0.6897163120567376 0.49333333333333335 0.6790780141843972 0.632 0.7890070921985816 0.656 0.8031914893617021 0.49866666666666665
0 0.11879432624113476 0.5733333333333334 0.12588652482269502 0.832 0.7535460992907801 0.8346666666666667 0.8865248226950354 0.8293333333333334 0.8918439716312057 0.8186666666666667 0.8936170212765957 0.5626666666666666 0.7960992907801419 0.49866666666666665 0.7429078014184397 0.5013333333333333 0.6950354609929078 0.49066666666666664 0.6773049645390071 0.5066666666666667 0.225177304964539 0.5093333333333333 0.16134751773049646 0.536
6 0.11879432624113476 0.5653333333333334 0.12056737588652482 0.8266666666666667 0.1400709219858156 0.8346666666666667 0.171395390070922 0.831112 0.16991666666666666 0.7622213333333334 0.21099290780141844 0.7626666666666667 0.20390070921985815 0.7466666666666667 0.20212765957446807 0.7013333333333334 0.23581560283687944 0.6533333333333333 0.22163120567375885 0.52 0.18439716312056736 0.5253333333333333
3 0.7960992907801419 0.6053333333333333 0.7943262411347518 0.6693333333333333 0.8102836879432624 0.7093333333333334 0.8049645390070922 0.7546666666666667 0.8386524822695035 0.7626666666666667 0.8439716312056738 0.8266666666666667 0.8900709219858156 0.8266666666666667 0.8918439716312057 0.5573333333333333 0.8067375886524822 0.512
1 0.4166666666666667 0.6586666666666666 0.4237588652482269 0.6826666666666666 0.4148936170212766 0.7013333333333334 0.42021276595744683 0.7093333333333334 0.48226950354609927 0.7226666666666667 0.526595744680851 0.7066666666666667 0.5602836879432624 0.7226666666666667 0.5939716312056738 0.7573333333333333 0.7907801418439716 0.7573333333333333 0.8031914893617021 0.7493333333333333 0.8102836879432624 0.704 0.8014184397163121 0.6826666666666666 0.7730496453900709 0.656 0.6719858156028369 0.6373333333333333 0.6170212765957447 0.6426666666666667 0.5975177304964538 0.6586666666666666 0.5514184397163121 0.64 0.4627659574468085 0.64
3 0.6028368794326241 0.6586666666666666 0.6152482269503546 0.6906666666666667 0.6152482269503546 0.7573333333333333 0.8014184397163121 0.7493333333333333 0.8067375886524822 0.712 0.8014184397163121 0.704 0.723404255319149 0.7066666666666667 0.7056737588652482 0.664 0.6560283687943262 0.6555546666666666
7 0.19799113475177305 0.699112 0.2068563829787234 0.7577786666666666 0.6040195035460992 0.7551119999999999 0.6040195035460992 0.6964453333333332 0.5898351063829786 0.6724453333333333 0.5898351063829786 0.6564453333333333 0.5508280141843971 0.6404453333333333 0.46749468085106377 0.6377786666666667 0.396572695035461 0.651112 0.3664308510638298 0.6377786666666667 0.2618209219858156 0.6377786666666667 0.23345212765957446 0.651112
1 0.20567375886524822 0.7013333333333334 0.2127659574468085 0.7573333333333333 0.3971631205673759 0.76 0.4078014184397163 0.6586666666666666 0.3723404255319149 0.64 0.26773049645390073 0.64 0.2393617021276596 0.6533333333333333
1 0.2127659574468085 0.5253333333333333 0.21453900709219859 0.5626666666666666 0.23049645390070922 0.5786666666666667 0.22872340425531915 0.6053333333333333 0.2375886524822695 0.6453333333333333 0.36347517730496454 0.6346666666666667 0.41312056737588654 0.6506666666666666 0.4326241134751773 0.64 0.5390070921985816 0.6346666666666667 0.599290780141844 0.6506666666666666 0.624113475177305 0.6373333333333333 0.675531914893617 0.632 0.6861702127659575 0.552 0.6843971631205674 0.5066666666666667 0.22872340425531915 0.5093333333333333
7 0.601063829787234 0.6533333333333333 0.6134751773049646 0.7573333333333333 0.8014184397163121 0.7546666666666667 0.8102836879432624 0.712 0.7907801418439716 0.6693333333333333 0.74822695035461 0.648 0.6436170212765957 0.6373333333333333
2 0.16991666666666666 0.7622213333333334 0.8392429078014185 0.7622213333333334 0.8451542553191489 0.8355546666666668 0.16991666666666666 0.8355546666666668