0 0.022135416666666668 0.5788497217068646 0.024739583333333332 0.5992578849721707 0.053385416666666664 0.601113172541744 0.17447916666666666 0.6437847866419295 0.17838541666666666 0.6530612244897959 0.16015625 0.7402597402597403 0.1640625 0.7569573283858998 0.17317708333333334 0.7606679035250464 0.27734375 0.6920222634508348 0.2981770833333333 0.686456400742115 0.7122395833333334 0.6846011131725418 0.8346354166666666 0.7551020408163265 0.8411458333333334 0.7476808905380334 0.8424479166666666 0.7328385899814471 0.828125 0.6753246753246753 0.8268229166666666 0.6493506493506493 0.84375 0.634508348794063 0.9505208333333334 0.5955473098330241 0.9778645833333334 0.5955473098330241 0.9817708333333334 0.5677179962894249 0.97265625 0.5584415584415584 0.9713541666666666 0.5250463821892394 0.9609375 0.5102040816326531 0.8645833333333334 0.47680890538033394 0.8489583333333334 0.45640074211502785 0.7760416666666666 0.4007421150278293 0.7200520833333334 0.3784786641929499 0.4166666666666667 0.37662337662337664 0.4114583333333333 0.3877551020408163 0.3984375 0.39517625231910947 0.3815104166666667 0.39517625231910947 0.3723958333333333 0.3747680890538033 0.26953125 0.3747680890538033 0.22265625 0.39332096474953615 0.19140625 0.42857142857142855 0.11197916666666667 0.4935064935064935 0.059895833333333336 0.5027829313543599 0.040364583333333336 0.5157699443413729 0.03125 0.5306122448979592 0.036458333333333336 0.5602968460111317 0.026041666666666668 0.5658627087198516
5 0.6272786458333334 0.3914656771799629 0.6259765625 0.4601113172541744 0.6298828125 0.5176252319109462 0.6350911458333334 0.5269016697588126 0.7327473958333334 0.5213358070500927 0.7418619791666666 0.5176252319109462 0.7548828125 0.4972170686456401 0.7652994791666666 0.5139146567717996 0.7939453125 0.5139146567717996 0.8264973958333334 0.5009276437847866 0.8082682291666666 0.43042671614100186 0.7705078125 0.39517625231910947 0.7223307291666666 0.3784786641929499 0.6311848958333334 0.3821892393320965
5 0.4150390625 0.4174397031539889 0.4072265625 0.5157699443413729 0.4866536458333333 0.5250463821892394 0.5921223958333334 0.5269016697588126 0.5999348958333334 0.5213358070500927 0.6038411458333334 0.5009276437847866 0.5999348958333334 0.49165120593692024 0.6136067708333334 0.5217996289424861 0.6087239583333334 0.4104823747680891 0.5895182291666666 0.40630797773654914 0.6038411458333334 0.40630797773654914 0.5960286458333334 0.38404452690166974 0.4619140625 0.3803339517625232 0.419921875 0.3780148423005566
5 0.17936197916666666 0.47309833024118736 0.18196614583333334 0.5009276437847866 0.2119140625 0.5120593692022264 0.3030598958333333 0.5231910946196661 0.3733723958333333 0.5231910946196661 0.3811848958333333 0.5046382189239332 0.3824869791666667 0.38589981447124305 0.3772786458333333 0.37662337662337664 0.3564453125 0.3747680890538033 0.2731119791666667 0.37662337662337664 0.2431640625 0.38589981447124305 0.20540364583333334 0.4174397031539889 0.19108072916666666 0.437847866419295
1 0.13237890625 0.4811372912801485 0.12760416666666666 0.49165120593692024 0.16927083333333334 0.49907235621521334 0.17578125 0.45640074211502785 0.1875 0.43413729128014844 0.16015625 0.4489795918367347
1 0.80859375 0.42857142857142855 0.83203125 0.49907235621521334 0.8684895833333334 0.4842300556586271 0.8463541666666666 0.45454545454545453
1 0.59765625 0.40816326530612246 0.5989583333333334 0.5250463821892394 0.6223958333333334 0.5269016697588126 0.6184895833333334 0.39517625231910947 0.6028645833333334 0.39332096474953615
1 0.37890625 0.4322820037105751 0.37890625 0.5213358070500927 0.3958333333333333 0.5250463821892394 0.4075520833333333 0.39332096474953615 0.3815104166666667 0.39517625231910947
7 0.032552083333333336 0.5250463821892394 0.032552083333333336 0.5417439703153989 0.046875 0.5602968460111317 0.14713541666666666 0.5955473098330241 0.20182291666666666 0.601113172541744 0.24609375 0.6196660482374768 0.2513020833333333 0.6066790352504638 0.2942708333333333 0.608534322820037 0.3203125 0.62708719851577 0.38203125 0.6289424860853432 0.3880208333333333 0.6233766233766234 0.4036458333333333 0.6307977736549165 0.4140625 0.6233766233766234 0.4322916666666667 0.6307977736549165 0.66796875 0.62708719851577 0.76953125 0.614100185528757 0.8932291666666666 0.5844155844155844 0.9166666666666666 0.5695732838589982 0.9505208333333334 0.5602968460111317 0.9700520833333334 0.536178107606679 0.9674479166666666 0.5213358070500927 0.9557291666666666 0.5083487940630798 0.8984375 0.4897959183673469 0.85546875 0.4935064935064935 0.8059895833333334 0.5176252319109462 0.7669270833333334 0.5250463821892394 0.6725260416666666 0.5324675324675324 0.2786458333333333 0.5250463821892394 0.21354166666666666 0.5176252319109462 0.14453125 0.4935064935064935 0.06770833333333333 0.5009276437847866
2 0.033854166666666664 0.5732838589981447 0.028645833333333332 0.588126159554731 0.041666666666666664 0.5992578849721707 0.14453125 0.6363636363636364 0.2565104166666667 0.6641929499072357 0.4348958333333333 0.6808905380333952 0.5455729166666666 0.6808905380333952 0.6705729166666666 0.6697588126159555 0.7109375 0.6790352504638218 0.7135416666666666 0.6697588126159555 0.7252604166666666 0.6641929499072357 0.7981770833333334 0.647495361781076 0.8203125 0.6493506493506493 0.9622395833333334 0.5936920222634509 0.9765625 0.5788497217068646 0.9778645833333334 0.5695732838589982 0.9661458333333334 0.5584415584415584 0.89453125 0.5899814471243042 0.80078125 0.6178107606679035 0.5807291666666666 0.6363636363636364 0.2682291666666667 0.6307977736549165 0.18489583333333334 0.6159554730983302 0.046875 0.5695732838589982
4 0.16276041666666666 0.712430426716141 0.16015625 0.7532467532467533 0.17447916666666666 0.7606679035250464 0.3138020833333333 0.6771799628942486 0.26953125 0.673469387755102 0.21614583333333334 0.7031539888682746 0.19791666666666666 0.6938775510204082 0.19661458333333334 0.6530612244897959 0.1796875 0.647495361781076
4 0.69140625 0.673469387755102 0.6927083333333334 0.6808905380333952 0.8294270833333334 0.7569573283858998 0.84375 0.7439703153988868 0.82421875 0.647495361781076 0.8098958333333334 0.6493506493506493 0.8046875 0.6901669758812616 0.7877604166666666 0.699443413729128 0.7317708333333334 0.6697588126159555