3 0.6483333333333333 0.4041666666666667 0.6458333333333334 0.41833333333333333 0.6491666666666667 0.425 0.6466666666666666 0.43916666666666665 0.6508333333333334 0.5125 0.6541666666666667 0.5183333333333333 0.6608333333333334 0.5208333333333334 0.7008333333333333 0.5216666666666666 0.7358333333333333 0.5266666666666666 0.755 0.5241666666666667 0.7641666666666667 0.5191666666666667 0.7691666666666667 0.5108333333333334 0.7783333333333333 0.5041666666666667 0.7725 0.5 0.7683333333333333 0.5041666666666667 0.7633333333333333 0.5033333333333333 0.76 0.49666666666666665 0.7608333333333334 0.44666666666666666 0.7633333333333333 0.44416666666666665 0.8608333333333333 0.43166666666666664 0.8575 0.4008333333333333 0.8616666666666667 0.3933333333333333 0.8533333333333334 0.38916666666666666 0.8525 0.38333333333333336 0.8416666666666667 0.37833333333333335 0.7825 0.37583333333333335 0.7141666666666666 0.3933333333333333 0.6608333333333334 0.3925 0.6583333333333333 0.39916666666666667
3 0.6541666666666667 0.3933333333333333 0.6591666666666667 0.4025 0.6458333333333334 0.41083333333333333 0.6483333333333333 0.425 0.6475 0.4791666666666667 0.65 0.5091666666666667 0.6541666666666667 0.5191666666666667 0.7408333333333333 0.5275 0.7608333333333334 0.5216666666666666 0.7733333333333333 0.5066666666666667 0.7933333333333333 0.505 0.7966666666666666 0.4875 0.7941666666666667 0.4691666666666667 0.7975 0.4625 0.7975 0.4475 0.8025 0.44 0.8266666666666667 0.43833333333333335 0.8433333333333334 0.445 0.8433333333333334 0.49 0.8475 0.495 0.9116666666666666 0.48 0.9116666666666666 0.4325 0.8991666666666667 0.43166666666666664 0.8875 0.4216666666666667 0.89 0.39166666666666666 0.8825 0.3925 0.88 0.3875 0.8408333333333333 0.3775 0.7825 0.37583333333333335 0.7583333333333333 0.37916666666666665 0.7141666666666666 0.3933333333333333 0.675 0.3883333333333333
2 0.06916666666666667 0.5216666666666666 0.06833333333333333 0.5391666666666667 0.07333333333333333 0.5491666666666667 0.08416666666666667 0.5475 0.09166666666666666 0.5533333333333333 0.14583333333333334 0.5608333333333333 0.605 0.615 0.6175 0.6108333333333333 0.64 0.6108333333333333 0.6433333333333333 0.6116666666666667 0.6433333333333333 0.6191666666666666 0.7125 0.6258333333333334 0.7516666666666667 0.6333333333333333 0.7641666666666667 0.6333333333333333 0.7716666666666666 0.6283333333333333 0.7741666666666667 0.6333333333333333 0.7883333333333333 0.63 0.7941666666666667 0.6133333333333333 0.7925 0.58 0.7975 0.5708333333333333 0.7908333333333334 0.5675 0.7675 0.5708333333333333 0.7716666666666666 0.5741666666666667 0.7608333333333334 0.5983333333333334 0.7508333333333334 0.5975 0.7441666666666666 0.5916666666666667 0.7275 0.5925 0.7175 0.585 0.6458333333333334 0.585 0.5275 0.5708333333333333 0.5208333333333334 0.5666666666666667 0.5025 0.57 0.3275 0.5508333333333333 0.30916666666666665 0.5475 0.30333333333333334 0.5433333333333333 0.2575 0.5433333333333333
7 0.0775 0.4875 0.07666666666666666 0.5083333333333333 0.0825 0.5216666666666666 0.10416666666666667 0.5266666666666666 0.7233333333333334 0.5916666666666667 0.7483333333333333 0.59 0.7583333333333333 0.5816666666666667 0.7616666666666667 0.5716666666666667 0.7908333333333334 0.5641666666666667 0.795 0.54 0.795 0.5175 0.7925 0.5133333333333333 0.7758333333333334 0.5158333333333334 0.7608333333333334 0.525 0.745 0.5283333333333333 0.66 0.5233333333333333 0.6508333333333334 0.5183333333333333 0.645 0.4925 0.635 0.49 0.5841666666666666 0.49 0.56 0.485 0.41333333333333333 0.4775 0.2866666666666667 0.465 0.085 0.4825
1 0.2683333333333333 0.375 0.27166666666666667 0.4575 0.2775 0.4625 0.3675 0.47333333333333333 0.635 0.48833333333333334 0.645 0.48833333333333334 0.6466666666666666 0.4841666666666667 0.6466666666666666 0.43 0.6441666666666667 0.42 0.6541666666666667 0.405 0.6775 0.395 0.6958333333333333 0.39666666666666667 0.7583333333333333 0.38 0.765 0.38333333333333336 0.7808333333333334 0.3825 0.7891666666666667 0.38166666666666665 0.7925 0.3775 0.8058333333333333 0.37666666666666665 0.7558333333333334 0.37416666666666665 0.6925 0.37583333333333335 0.6333333333333333 0.38166666666666665 0.6091666666666666 0.3875 0.5941666666666666 0.38333333333333336 0.5366666666666666 0.37916666666666665 0.44083333333333335 0.37666666666666665 0.405 0.38 0.38916666666666666 0.37583333333333335
7 0.8441666666666666 0.5066666666666667 0.8433333333333334 0.5391666666666667 0.8466666666666667 0.5466666666666666 0.8591666666666666 0.5466666666666666 0.8983333333333333 0.535 0.9016666666666666 0.515 0.895 0.5041666666666667 0.8775 0.49833333333333335 0.8608333333333333 0.4975 0.8466666666666667 0.5
2 0.845 0.5533333333333333 0.8466666666666667 0.5708333333333333 0.8525 0.5808333333333333 0.845 0.5925 0.845 0.6091666666666666 0.8516666666666667 0.61 0.865 0.5983333333333334 0.875 0.5966666666666667 0.8866666666666667 0.5841666666666666 0.8916666666666667 0.5841666666666666 0.8966666666666666 0.5916666666666667 0.9083333333333333 0.5875 0.9116666666666666 0.5608333333333333 0.9091666666666667 0.5408333333333334 0.88 0.5425 0.8483333333333334 0.55
6 0.07083333333333333 0.38666666666666666 0.06833333333333333 0.4041666666666667 0.07416666666666667 0.4275 0.07666666666666666 0.47 0.07916666666666666 0.4766666666666667 0.085 0.48 0.12833333333333333 0.48 0.24416666666666667 0.4683333333333333 0.2625 0.4633333333333333 0.27 0.45666666666666667 0.2658333333333333 0.38166666666666665 0.2625 0.3775 0.22583333333333333 0.36916666666666664 0.15083333333333335 0.36916666666666664 0.10416666666666667 0.3725 0.0875 0.37666666666666665
4 0.8083333333333333 0.44583333333333336 0.8416666666666667 0.44375 0.8354166666666667 0.675 0.7958333333333333 0.6708333333333333 0.8 0.43333333333333335
4 0.9166666666666666 0.43333333333333335 0.95625 0.42916666666666664 0.95 0.6270833333333333 0.8520833333333333 0.6208333333333333 0.9083333333333333 0.59375
2 0.06875 0.5270833333333333 0.75625 0.5979166666666667 0.7604166666666666 0.58125 0.7895833333333333 0.5729166666666666 0.79375 0.6666666666666666 0.06666666666666667 0.575
0 0.065 0.4041666666666667 0.065 0.4525 0.06916666666666667 0.4608333333333333 0.065 0.5158333333333334 0.07166666666666667 0.5725 0.07583333333333334 0.5766666666666667 0.11333333333333333 0.58 0.12333333333333334 0.59 0.155 0.5866666666666667 0.235 0.5958333333333333 0.4558333333333333 0.6275 0.4825 0.6283333333333333 0.515 0.635 0.655 0.6508333333333334 0.6683333333333333 0.6641666666666667 0.6875 0.6641666666666667 0.7041666666666667 0.6566666666666666 0.7308333333333333 0.6633333333333333 0.8208333333333333 0.675 0.8316666666666667 0.675 0.8366666666666667 0.6716666666666666 0.8383333333333334 0.6316666666666667 0.845 0.6208333333333333 0.9391666666666667 0.6316666666666667 0.9458333333333333 0.6308333333333334 0.9491666666666667 0.6258333333333334 0.955 0.43416666666666665 0.9525 0.43083333333333335 0.925 0.4266666666666667 0.9 0.4266666666666667 0.8916666666666667 0.4216666666666667 0.8891666666666667 0.4141666666666667 0.89 0.3908333333333333 0.8691666666666666 0.38166666666666665 0.8066666666666666 0.375 0.728125 0.375 0.6625 0.37833333333333335 0.61 0.3875 0.5925 0.3825 0.55 0.37916666666666665 0.4525 0.37583333333333335 0.4 0.37916666666666665 0.3908333333333333 0.37583333333333335 0.28583333333333333 0.3725 0.25583333333333336 0.375 0.22583333333333333 0.36833333333333335 0.1875 0.36666666666666664 0.09083333333333334 0.375 0.07666666666666666 0.38166666666666665 0.06833333333333333 0.39