1 0.1469387755102041 0.5325264750378215 0.14285714285714285 0.5748865355521936 0.15374149659863945 0.5915279878971256 0.19727891156462585 0.594553706505295 0.22040816326530613 0.6096822995461422 0.2571428571428571 0.6157337367624811 0.2816326530612245 0.6308623298033282 0.28843537414965986 0.6520423600605144 0.44761904761904764 0.6369137670196672 0.5387755102040817 0.6354009077155824 0.6517006802721088 0.6217851739788199 0.6517006802721088 0.6172465960665658 0.6789115646258503 0.6187594553706506 0.6843537414965987 0.6127080181543116 0.7129251700680272 0.6096822995461422 0.7346938775510204 0.583963691376702 0.7333333333333333 0.5446293494704992 0.7197278911564626 0.4947049924357035 0.7115646258503401 0.49924357034795763 0.7034013605442176 0.491679273827534 0.6884353741496598 0.49016641452344933 0.34829931972789113 0.5037821482602118 0.17551020408163265 0.518910741301059
2 0.21496598639455783 0.8063540090771558 0.2163265306122449 0.8456883509833586 0.2789115646258503 0.8396369137670197 0.8394557823129252 0.762481089258699 0.8761904761904762 0.7579425113464447 0.8952380952380953 0.762481089258699 0.8979591836734694 0.7549167927382754 0.9074829931972789 0.7639939485627837 0.9210884353741496 0.7291981845688351 0.9183673469387755 0.7337367624810892 0.889795918367347 0.7337367624810892 0.85578231292517 0.7246596066565809 0.32653061224489793 0.789712556732224 0.28435374149659864 0.7957639939485628 0.2571428571428571 0.8078668683812406
7 0.28843537414965986 0.6671709531013615 0.2897959183673469 0.6928895612708018 0.27755102040816326 0.7791225416036308 0.2789115646258503 0.7881996974281392 0.2857142857142857 0.7912254160363086 0.4666666666666667 0.7700453857791225 0.48707482993197276 0.762481089258699 0.580952380952381 0.7579425113464447 0.6639455782312925 0.745839636913767 0.6816326530612244 0.735249621785174 0.7061224489795919 0.7413010590015129 0.8380952380952381 0.7231467473524962 0.8585034013605443 0.7170953101361573 0.8598639455782313 0.6959152798789713 0.8680272108843538 0.6838124054462935 0.8598639455782313 0.6762481089258698 0.8585034013605443 0.6580937972768532 0.8448979591836735 0.6475037821482602 0.726530612244898 0.6248108925869894 0.6326530612244898 0.6293494704992436 0.6244897959183674 0.6369137670196672 0.6027210884353742 0.6338880484114977 0.580952380952381 0.642965204236006 0.5115646258503401 0.6384266263237519 0.38095238095238093 0.6565809379727685 0.33741496598639453 0.653555219364599 0.2925170068027211 0.6580937972768532
4 0.07210884353741497 0.6127080181543116 0.0707482993197279 0.6611195158850227 0.17687074829931973 0.7065052950075643 0.1891156462585034 0.7337367624810892 0.1836734693877551 0.7443267776096822 0.18503401360544217 0.9046898638426626 0.20952380952380953 0.9122541603630863 0.2108843537414966 0.6580937972768532 0.1782312925170068 0.6414523449319214 0.08163265306122448 0.6111951588502269
6 0.08979591836734693 0.6671709531013615 0.08571428571428572 0.7170953101361573 0.09115646258503401 0.7443267776096822 0.15374149659863945 0.773071104387292 0.17959183673469387 0.7776096822995462 0.17687074829931973 0.7170953101361573 0.16326530612244897 0.6959152798789713 0.15782312925170067 0.697428139183056 0.1510204081632653 0.6822995461422088 0.17687074829931973 0.7175279878971256 0.1749265306122449 0.7088819969742814 0.15937823129251702 0.7045597579425114 0.11020408163265306 0.6747352496217852 0.09523809523809523 0.6829485627836611
6 0.09387755102040816 0.5990922844175491 0.09115646258503401 0.6157337367624811 0.08435374149659863 0.6217851739788199 0.11836734693877551 0.6217851739788199 0.14285714285714285 0.6369137670196672 0.1727891156462585 0.6384266263237519 0.2108843537414966 0.6550680786686838 0.21496598639455783 0.6626323751891074 0.21360544217687075 0.789712556732224 0.2272108843537415 0.8033282904689864 0.2653061224489796 0.800302571860817 0.2748299319727891 0.783661119515885 0.2857142857142857 0.7155824508320726 0.28435374149659864 0.6550680786686838 0.27755102040816326 0.6263237518910741 0.2612244897959184 0.6172465960665658 0.12653061224489795 0.5885022692889561 0.10340136054421768 0.5900151285930408
2 0.08843537414965986 0.7534039334341907 0.08435374149659863 0.7579425113464447 0.10612244897959183 0.773071104387292 0.10884353741496598 0.789712556732224 0.12244897959183673 0.7972768532526475 0.1510204081632653 0.7972768532526475 0.1564625850340136 0.8078668683812406 0.1782312925170068 0.8229954614220878 0.18095238095238095 0.789712556732224 0.17687074829931973 0.7851739788199698
4 0.12653061224489795 0.800302571860817 0.12653061224489795 0.8381240544629349 0.1673469387755102 0.8320726172465961 0.16598639455782313 0.8184568835098336 0.1523809523809524 0.8063540090771558
3 0.7374149659863946 0.546142208774584 0.7374149659863946 0.6232980332829047 0.8435374149659864 0.6444780635400907 0.8680272108843538 0.6686838124054463 0.8734693877551021 0.6989409984871406 0.8639455782312925 0.7170953101361573 0.8666666666666667 0.7201210287443268 0.8979591836734694 0.7291981845688351 0.9142857142857143 0.7170953101361573 0.9210884353741496 0.6822995461422088 0.9142857142857143 0.6127080181543116 0.9034013605442177 0.5763993948562783 0.8408163265306122 0.5612708018154312 0.8013605442176871 0.5612708018154312 0.7714285714285715 0.546142208774584
4 0.908843537414966 0.5900151285930408 0.9156462585034013 0.6202723146747352 0.9183673469387755 0.6959152798789713 0.9074829931972789 0.7382753403933434 0.891156462585034 0.7609682299546142 0.889795918367347 0.800302571860817 0.908843537414966 0.81089258698941 0.9224489795918367 0.81089258698941 0.9238095238095239 0.5990922844175491
0 0.0707482993197279 0.6142208774583964 0.06938775510204082 0.659606656580938 0.08299319727891157 0.6686838124054463 0.08571428571428572 0.6898638426626323 0.08571428571428572 0.7291981845688351 0.09115646258503401 0.745839636913767 0.08571428571428572 0.7609682299546142 0.10068027210884353 0.7685325264750378 0.10748299319727891 0.789712556732224 0.11836734693877551 0.7957639939485628 0.1251700680272109 0.8119016641452346 0.1251700680272109 0.8366111951588502 0.16054421768707483 0.8350983358547656 0.1727891156462585 0.8245083207261724 0.1836734693877551 0.8290468986384266 0.1836734693877551 0.903177004538578 0.19863945578231293 0.913767019667171 0.21224489795918366 0.9107413010590015 0.21360544217687075 0.8472012102874432 0.2272108843537415 0.8426626323751891 0.8761904761904762 0.7579425113464447 0.891156462585034 0.7609682299546142 0.891156462585034 0.8033282904689864 0.9074829931972789 0.8093797276853253 0.9210884353741496 0.8093797276853253 0.9251700680272109 0.8033282904689864 0.9210884353741496 0.594553706505295 0.8884353741496599 0.5763993948562783 0.8258503401360544 0.5703479576399395 0.7482993197278912 0.5506807866868382 0.7319727891156462 0.5385779122541604 0.7278911564625851 0.5083207261724659 0.7183673469387755 0.49016641452344933 0.5401360544217687 0.4947049924357035 0.3741496598639456 0.5068078668683812 0.34285714285714286 0.5037821482602118 0.15782312925170067 0.518910741301059 0.14285714285714285 0.5310136157337367 0.1414965986394558 0.5779122541603631 0.1292517006802721 0.5900151285930408 0.09931972789115646 0.5915279878971256 0.08707482993197278 0.6111951588502269