0 0.034482758620689655 0.537525354969574 0.035496957403651115 0.5456389452332657 0.04259634888438134 0.5537525354969574 0.09127789046653144 0.5740365111561866 0.09026369168356999 0.5916156186612576 0.0821501014198783 0.6004056795131846 0.04259634888438134 0.5882352941176471 0.035496957403651115 0.5892494929006086 0.029411764705882353 0.5943204868154158 0.029411764705882353 0.6095334685598377 0.035496957403651115 0.6501014198782962 0.04056795131845842 0.6582150101419878 0.03955375253549696 0.6683569979716024 0.04665314401622718 0.6825557809330629 0.056795131845841784 0.6957403651115619 0.09533468559837728 0.7119675456389453 0.0973630831643002 0.7221095334685599 0.09330628803245436 0.7515212981744422 0.09634888438133875 0.7545638945233266 0.10141987829614604 0.7515212981744422 0.11257606490872211 0.7271805273833671 0.12778904665314403 0.7231237322515213 0.22616632860040567 0.755578093306288 0.2718052738336714 0.7667342799188641 0.3275862068965517 0.7910750507099391 0.3316430020283976 0.847870182555781 0.33772819472616633 0.8509127789046653 0.34685598377281945 0.8387423935091278 0.35192697768762676 0.8042596348884381 0.3793103448275862 0.7880324543610547 0.460446247464503 0.7667342799188641 0.5598377281947262 0.7332657200811359 0.5811359026369168 0.7302231237322515 0.6967545638945233 0.6937119675456389 0.7079107505070994 0.6977687626774848 0.7058823529411765 0.7119675456389453 0.7129817444219066 0.7231237322515213 0.7190669371196755 0.6896551724137931 0.920892494929006 0.6267748478701826 0.934077079107505 0.6308316430020284 0.9401622718052738 0.6501014198782962 0.9452332657200812 0.6531440162271805 0.9452332657200812 0.6247464503042597 0.9675456389452333 0.603448275862069 0.9807302231237323 0.5628803245436106 0.986815415821501 0.4908722109533469 0.9685598377281948 0.4776876267748479 0.9563894523326572 0.4746450304259635 0.8945233265720081 0.47058823529411764 0.8630831643002028 0.4614604462474645 0.8498985801217038 0.4634888438133874 0.8448275862068966 0.45841784989858014 0.7647058823529411 0.4563894523326572 0.7332657200811359 0.40060851926977686 0.7190669371196755 0.39148073022312374 0.704868154158215 0.39148073022312374 0.5730223123732252 0.40466531440162273 0.5689655172413793 0.4077079107505071 0.37322515212981744 0.42190669371196754 0.10851926977687627 0.4513184584178499 0.09837728194726167 0.4553752535496957 0.08924949290060852 0.4695740365111562 0.09330628803245436 0.513184584178499 0.05273833671399594 0.5202839756592292
1 0.09026369168356999 0.46551724137931033 0.09127789046653144 0.4949290060851927 0.10344827586206896 0.5385395537525355 0.31643002028397565 0.592292089249493 0.4300202839756592 0.5750507099391481 0.45740365111561865 0.5760649087221096 0.4716024340770791 0.5689655172413793 0.6004056795131846 0.5425963488843814 0.6369168356997972 0.539553752535497 0.6825557809330629 0.5243407707910751 0.72920892494929 0.5162271805273834 0.7322515212981744 0.5152129817444219 0.7606490872210954 0.5070993914807302 0.7783975659229209 0.49949290060851925 0.763184584178499 0.486815415821501 0.7581135902636917 0.4842799188640974 0.7505070993914807 0.4918864097363083 0.7657200811359026 0.4787018255578093 0.7657200811359026 0.4695740365111562 0.7413793103448276 0.4148073022312373 0.7322515212981744 0.40060851926977686 0.7190669371196755 0.3924949290060852 0.37322515212981744 0.42190669371196754 0.3539553752535497 0.42697768762677485 0.15010141987829614 0.44523326572008115 0.10649087221095335 0.45233265720081134 0.09330628803245436 0.4594320486815416
7 0.2789046653144016 0.6359026369168357 0.27586206896551724 0.6511156186612576 0.3103448275862069 0.6876267748478702 0.34178498985801214 0.7606490872210954 0.35699797160243407 0.77079107505071 0.37018255578093306 0.77079107505071 0.9462474645030426 0.6054766734279919 0.9563894523326572 0.5983772819472617 0.9594320486815415 0.5517241379310345 0.9523326572008114 0.5365111561866126 0.9178498985801217 0.5243407707910751 0.8336713995943205 0.5141987829614605 0.7647058823529411 0.5141987829614605 0.7028397565922921 0.5243407707910751 0.6389452332657201 0.5415821501014199 0.6004056795131846 0.5436105476673428 0.48377281947261663 0.5649087221095335 0.44929006085192696 0.579107505070994 0.4178498985801217 0.579107505070994 0.3580121703853955 0.5882352941176471 0.345841784989858 0.5943204868154158 0.35496957403651114 0.6004056795131846 0.359026369168357 0.6085192697768763 0.35496957403651114 0.6247464503042597 0.3275862068965517 0.6348884381338742 0.28498985801217036 0.6318458417849898
2 0.030425963488843813 0.5933062880324543 0.28904665314401623 0.6744421906693712 0.3118661257606491 0.704868154158215 0.3473630831643002 0.77079107505071 0.36511156186612576 0.7783975659229209 0.9609533468559838 0.6110547667342799 0.9863083164300203 0.5400608519269777 0.9761663286004056 0.595841784989858 0.9381338742393509 0.6262677484787018 0.35496957403651114 0.7986815415821501 0.2738336713995943 0.77079107505071 0.06338742393509128 0.697261663286004 0.03803245436105477 0.6719066937119675
2 0.7657200811359026 0.45030425963488846 0.7647058823529411 0.45841784989858014 0.7809330628803245 0.48073022312373226 0.7789046653144016 0.4908722109533469 0.7849898580121704 0.4898580121703854 0.7961460446247465 0.5010141987829615 0.8012170385395537 0.49797160243407707 0.8093306288032455 0.5030425963488844 0.8377281947261663 0.5020283975659229 0.8448275862068966 0.4949290060851927 0.8661257606490872 0.5070993914807302 0.8833671399594321 0.5050709939148073 0.9006085192697769 0.5111561866125761 0.9066937119675457 0.5081135902636917 0.9198782961460447 0.5172413793103449 0.9594320486815415 0.5273833671399595 0.962474645030426 0.539553752535497 0.9716024340770791 0.5425963488843814 0.973630831643002 0.5476673427991886 0.9837728194726166 0.5425963488843814 0.9858012170385395 0.5233265720081136 0.9766734279918864 0.48884381338742394 0.9837728194726166 0.48580121703853957 0.973630831643002 0.4766734279918864 0.8620689655172413 0.45841784989858014 0.7870182555780934 0.44929006085192696
2 0.035496957403651115 0.5324543610547667 0.034482758620689655 0.5425963488843814 0.04056795131845842 0.5537525354969574 0.12170385395537525 0.5811359026369168 0.1257606490872211 0.5831643002028397 0.12981744421906694 0.5973630831643002 0.13488843813387424 0.5912778904665315 0.14807302231237324 0.59026369168357 0.1592292089249493 0.5963488843813387 0.18661257606490872 0.5983772819472617 0.19574036511156187 0.6105476673427992 0.20588235294117646 0.6115618661257607 0.21399594320486814 0.6186612576064908 0.24746450304259635 0.6237322515212982 0.25557809330628806 0.6298174442190669 0.25456389452332656 0.6359026369168357 0.26267748478701824 0.6389452332657201 0.268762677484787 0.6399594320486816 0.2768762677484787 0.6277890466531441 0.2920892494929006 0.6257606490872211 0.32150101419878296 0.6318458417849898 0.34178498985801214 0.6288032454361054 0.35598377281947263 0.6176470588235294 0.35496957403651114 0.6095334685598377 0.3367139959432049 0.5983772819472617 0.32150101419878296 0.5973630831643002 0.14300202839756593 0.550709939148073 0.10851926977687627 0.5476673427991886 0.09939148073022312 0.5425963488843814 0.09533468559837728 0.5182555780933062 0.09127789046653144 0.513184584178499 0.056795131845841784 0.5182555780933062
6 0.034482758620689655 0.5344827586206896 0.033468559837728194 0.5425963488843814 0.04259634888438134 0.5547667342799188 0.12474645030425964 0.5821501014198783 0.12981744421906694 0.6054766734279919 0.1440162271805274 0.5912778904665315 0.16024340770791076 0.5993914807302231 0.18255578093306288 0.6014198782961461 0.20486815415821502 0.6156186612576064 0.2484787018255578 0.6288032454361054 0.2565922920892495 0.6348884381338742 0.25760649087221094 0.6470588235294118 0.26774847870182555 0.6511156186612576 0.268762677484787 0.6328600405679513 0.2738336713995943 0.6298174442190669 0.29310344827586204 0.6267748478701826 0.3255578093306288 0.6318458417849898 0.3448275862068966 0.6277890466531441 0.35598377281947263 0.6176470588235294 0.35699797160243407 0.6125760649087221 0.3509127789046653 0.6044624746450304 0.33367139959432046 0.5973630831643002 0.1460446247464503 0.550709939148073 0.10446247464503043 0.5446247464503042 0.0922920892494929 0.513184584178499 0.0537525354969574 0.5192697768762677 0.04259634888438134 0.5243407707910751
3 0.7647058823529411 0.4513184584178499 0.7647058823529411 0.45841784989858014 0.781947261663286 0.49594320486815413 0.7890466531440162 0.49594320486815413 0.795131845841785 0.48782961460446245 0.8002028397565923 0.4908722109533469 0.8154158215010142 0.486815415821501 0.821501014198783 0.4908722109533469 0.8255578093306288 0.48782961460446245 0.8356997971602435 0.4908722109533469 0.8407707910750507 0.5010141987829615 0.8722109533468559 0.5152129817444219 0.8833671399594321 0.513184584178499 0.9401622718052738 0.5253549695740365 0.949290060851927 0.5162271805273834 0.947261663286004 0.49594320486815413 0.9609533468559838 0.5223123732251521 0.9634888438133874 0.5070993914807302 0.9716024340770791 0.48580121703853957 0.9837728194726166 0.48884381338742394 0.9837728194726166 0.4847870182555781 0.973630831643002 0.4776876267748479 0.9543610547667343 0.473630831643002 0.8427991886409736 0.4563894523326572
4 0.3316430020283976 0.7981744421906694 0.3316430020283976 0.8417849898580122 0.33367139959432046 0.8275862068965517 0.33874239350912777 0.8275862068965517 0.3356997971602434 0.8123732251521298 0.34279918864097364 0.8032454361054767
4 0.9391480730223124 0.6247464503042597 0.9279918864097363 0.6298174442190669 0.9401622718052738 0.6531440162271805 0.9462474645030426 0.6551724137931034 0.9462474645030426 0.6247464503042597
4 0.7038539553752535 0.6967545638945233 0.704868154158215 0.7241379310344828 0.7129817444219066 0.7251521298174443 0.7170385395537525 0.7200811359026369 0.718052738336714 0.691683569979716 0.7119675456389453 0.6906693711967545
4 0.09432048681541583 0.7251521298174443 0.09127789046653144 0.755578093306288 0.09837728194726167 0.7565922920892495 0.10953346855983773 0.7332657200811359 0.11866125760649088 0.7231237322515213 0.09837728194726167 0.7150101419878296