5 0.2525 0.4725 0.23 0.5075 0.2375 0.555 0.2625 0.5475 0.255 0.55625 0.2475 0.55625 0.2675 0.5625 0.335 0.5675 0.4225 0.56625 0.44 0.47625 0.35125 0.4775 0.3425 0.48125 0.33125 0.4775
5 0.625 0.48375 0.6225 0.5275 0.615 0.55875 0.605 0.57625 0.60875 0.58125 0.78875 0.5925 0.79625 0.55125 0.845 0.53625 0.83625 0.51875 0.845 0.50125 0.845 0.49 0.7625 0.4925 0.72625 0.485
1 0.71625 0.55375 0.71625 0.57625 0.72875 0.54 0.73 0.5125 0.7225 0.515
1 0.84125 0.52125 0.84 0.535 0.87625 0.525 0.91 0.5225 0.87875 0.51875
1 0.425 0.54625 0.425 0.5675 0.5125 0.5775 0.53625 0.575 0.59875 0.58 0.61625 0.55125 0.6225 0.51375 0.62 0.50875 0.61125 0.5075 0.5525 0.505 0.51208375 0.5275 0.4325 0.525
7 0.11125 0.585 0.11125 0.645 0.1175 0.65125 0.79125 0.7125 0.79125 0.60875 0.78625 0.595 0.520625 0.57875 0.4275 0.56875 0.27375 0.565 0.245 0.56 0.195 0.56125 0.13125 0.57125
6 0.07375 0.51625 0.07625 0.6425 0.08375 0.65125 0.11625 0.6525 0.11125 0.59375 0.12375 0.575 0.22375 0.55875 0.23375 0.53625 0.2375 0.4975 0.18375 0.4975 0.0825 0.51
3 0.7925 0.585 0.79125 0.71375 0.8475 0.7175 0.925 0.67125 0.93125 0.57875 0.93125 0.5325 0.9275 0.525 0.885 0.52125 0.85875 0.53375 0.80375 0.54875 0.795 0.55875
4 0.26375 0.67 0.26 0.675 0.26875 0.675
4 0.455 0.68875 0.4525 0.6925 0.45625 0.695 0.46375 0.69125
4 0.12875 0.655 0.1275 0.6675 0.13875 0.66875 0.14 0.65625
4 0.79625 0.71625 0.7775 0.7175 0.78875 0.72 0.8 0.73 0.81375 0.72875 0.81375 0.72
0 0.07375 0.51625 0.0775 0.64625 0.1325 0.6675 0.8075 0.72375 0.84875 0.7175 0.92125 0.67375 0.9275 0.6625 0.93 0.5325 0.925 0.525 0.91125 0.5225 0.85875 0.5225 0.84125 0.50875 0.84375 0.49 0.77375 0.495 0.74375 0.4875 0.7275 0.48875 0.72625 0.485 0.6875 0.4875 0.62875 0.4825 0.62 0.50875 0.55 0.50625 0.53 0.51625 0.52375 0.52875 0.50875 0.52875 0.44770875 0.52625 0.4325 0.515 0.44 0.47625 0.25125 0.47 0.233125 0.495 0.09875 0.5075