5 0.10326086956521739 0.29347826086956524 0.09918478260869565 0.30869565217391304 0.10597826086956522 0.33043478260869563 0.15081521739130435 0.3673913043478261 0.1793478260869565 0.41956521739130437 0.19293478260869565 0.4826086956521739 0.19972826086956522 0.5804347826086956 0.2078804347826087 0.5891304347826087 0.21875 0.5826086956521739 0.23505434782608695 0.5282608695652173 0.2554347826086957 0.4934782608695652 0.2717391304347826 0.5021739130434782 0.30027173913043476 0.5391304347826087 0.3111413043478261 0.5413043478260869 0.36141304347826086 0.46956521739130436 0.358695652173913 0.4043478260869565 0.328804347826087 0.29782608695652174 0.30842391304347827 0.25217391304347825 0.27853260869565216 0.20869565217391303 0.264945652173913 0.2326086956521739 0.20244565217391305 0.25869565217391305 0.1875 0.27608695652173915 0.16847826086956522 0.25217391304347825 0.15353260869565216 0.25 0.12364130434782608 0.2891304347826087
5 0.39945652173913043 0.28043478260869564 0.3967391304347826 0.2891304347826087 0.422554347826087 0.45 0.4320652173913043 0.4652173913043478 0.5910326086956522 0.42391304347826086 0.625 0.4043478260869565 0.7459239130434783 0.4 0.751358695652174 0.391304347826087 0.8491847826086957 0.39565217391304347 0.8519021739130435 0.38913043478260867 0.8410326086956522 0.3347826086956522 0.8355978260869565 0.2217391304347826 0.8396739130434783 0.1608695652173913 0.8342391304347826 0.15434782608695652 0.7391304347826086 0.16304347826086957 0.7336956521739131 0.14565217391304347 0.7214673913043478 0.1391304347826087 0.6684782608695652 0.15434782608695652 0.5828804347826086 0.14565217391304347 0.5774456521739131 0.1608695652173913 0.5991847826086957 0.3847826086956522 0.5652173913043478 0.26956521739130435 0.5421195652173914 0.26304347826086955 0.53125 0.2717391304347826 0.49320652173913043 0.2847826086956522 0.44157608695652173 0.2891304347826087
7 0.1983695652173913 0.6108695652173913 0.19972826086956522 0.7 0.1875 0.7739130434782608 0.21331521739130435 0.782608695652174 0.22282608695652173 0.7782608695652173 0.2269021739130435 0.7521739130434782 0.25679347826086957 0.75 0.25679347826086957 0.7695652173913043 0.26902173913043476 0.7739130434782608 0.9211956521739131 0.5260869565217391 0.9320652173913043 0.5065217391304347 0.9415760869565217 0.44565217391304346 0.9347826086956522 0.4434782608695652 0.936141304347826 0.4326086956521739 0.9293478260869565 0.41739130434782606 0.8573369565217391 0.3978260869565217 0.7717391304347826 0.391304347826087 0.7418478260869565 0.4043478260869565 0.6182065217391305 0.4108695652173913 0.5883152173913043 0.43043478260869567 0.43478260869565216 0.46956521739130436 0.40353260869565216 0.4608695652173913 0.36820652173913043 0.4717391304347826 0.30978260869565216 0.5478260869565217 0.2717391304347826 0.5173913043478261 0.25 0.5195652173913043 0.23233695652173914 0.5478260869565217 0.22010869565217392 0.5869565217391305 0.20108695652173914 0.5934782608695652
6 0.036684782608695655 0.3065217391304348 0.04619565217391304 0.7195652173913043 0.06657608695652174 0.7565217391304347 0.11413043478260869 0.8108695652173913 0.16576086956521738 0.8021739130434783 0.18614130434782608 0.7695652173913043 0.1983695652173913 0.6847826086956522 0.19701086956521738 0.55 0.1793478260869565 0.43478260869565216 0.1644021739130435 0.39565217391304347 0.14266304347826086 0.3630434782608696 0.07201086956521739 0.32608695652173914 0.059782608695652176 0.3130434782608696 0.059782608695652176 0.2956521739130435 0.05434782608695652 0.29130434782608694 0.043478260869565216 0.29347826086956524
3 0.8396739130434783 0.18695652173913044 0.8410326086956522 0.31521739130434784 0.8532608695652174 0.391304347826087 0.9279891304347826 0.4108695652173913 0.9538043478260869 0.46956521739130436 0.9633152173913043 0.41304347826086957 0.9660326086956522 0.3239130434782609 0.9633152173913043 0.28695652173913044 0.9510869565217391 0.24130434782608695 0.9347826086956522 0.21521739130434783 0.9171195652173914 0.20217391304347826 0.8491847826086957 0.1826086956521739
4 0.2296195652173913 0.7217391304347827 0.23097826086956522 0.7717391304347826 0.22554347826086957 0.8065217391304348 0.23777173913043478 0.95 0.24456521739130435 0.9608695652173913 0.2513586956521739 0.8369565217391305 0.25815217391304346 0.8239130434782609 0.25271739130434784 0.7891304347826087 0.25271739130434784 0.7195652173913043 0.2418478260869565 0.6782608695652174 0.23641304347826086 0.6826086956521739 0.23505434782608695 0.7108695652173913
4 0.9375 0.4717391304347826 0.9293478260869565 0.5347826086956522 0.9334239130434783 0.6478260869565218 0.938858695652174 0.6413043478260869 0.9456521739130435 0.5608695652173913 0.9524456521739131 0.55 0.9483695652173914 0.44782608695652176
2 0.18478260869565216 0.7804347826086957 0.16983695652173914 0.8065217391304348 0.1766304347826087 0.8195652173913044 0.1983695652173913 0.8326086956521739 0.2269021739130435 0.8326086956521739 0.2269021739130435 0.7869565217391304
2 0.2608695652173913 0.7804347826086957 0.26358695652173914 0.8260869565217391 0.27717391304347827 0.8239130434782609 0.907608695652174 0.5695652173913044 0.9252717391304348 0.558695652173913 0.9279891304347826 0.5347826086956522 0.9347826086956522 0.5282608695652173 0.9184782608695652 0.5282608695652173
1 0.06657608695652174 0.29347826086956524 0.0625 0.3 0.06657608695652174 0.3173913043478261 0.09375 0.33260869565217394 0.10054347826086957 0.3217391304347826 0.09510869565217392 0.3108695652173913 0.11548913043478261 0.2847826086956522 0.10869565217391304 0.27391304347826084 0.10190217391304347 0.2826086956521739 0.08016304347826086 0.28043478260869564
1 0.30434782608695654 0.2326086956521739 0.3029891304347826 0.24130434782608695 0.32472826086956524 0.2826086956521739 0.360054347826087 0.40217391304347827 0.3654891304347826 0.46956521739130436 0.41983695652173914 0.45217391304347826 0.4076086956521739 0.34130434782608693 0.3967391304347826 0.2956521739130435 0.41847826086956524 0.28043478260869564 0.4701086956521739 0.2847826086956522 0.5190217391304348 0.27608695652173915 0.5448369565217391 0.25869565217391305 0.5584239130434783 0.26521739130434785 0.561141304347826 0.2782608695652174 0.5706521739130435 0.2847826086956522 0.5679347826086957 0.30869565217391304 0.5774456521739131 0.3347826086956522 0.5774456521739131 0.3630434782608696 0.5815217391304348 0.3695652173913043 0.5855978260869565 0.3630434782608696 0.5883152173913043 0.33260869565217394 0.5815217391304348 0.2847826086956522 0.5869565217391305 0.2565217391304348 0.5774456521739131 0.18695652173913044
0 0.03804347826086957 0.29130434782608694 0.03125 0.3130434782608696 0.036684782608695655 0.34347826086956523 0.03260869565217391 0.358695652173913 0.04619565217391304 0.3673913043478261 0.033967391304347824 0.4 0.03804347826086957 0.4152173913043478 0.03940217391304348 0.5543478260869565 0.036684782608695655 0.591304347826087 0.03125 0.5956521739130435 0.03125 0.65 0.042119565217391304 0.65 0.04619565217391304 0.7239130434782609 0.050271739130434784 0.7217391304347827 0.05298913043478261 0.741304347826087 0.10733695652173914 0.8065217391304348 0.13179347826086957 0.8130434782608695 0.16032608695652173 0.8021739130434783 0.1766304347826087 0.8108695652173913 0.17798913043478262 0.8195652173913044 0.2269021739130435 0.841304347826087 0.22418478260869565 0.7913043478260869 0.2296195652173913 0.758695652173913 0.25271739130434784 0.758695652173913 0.2608695652173913 0.7869565217391304 0.25815217391304346 0.8065217391304348 0.26766304347826086 0.8195652173913044 0.2826086956521739 0.8195652173913044 0.28940217391304346 0.8108695652173913 0.29347826086956524 0.8152173913043478 0.36141304347826086 0.7869565217391304 0.37092391304347827 0.7760869565217391 0.40217391304347827 0.7717391304347826 0.40353260869565216 0.7652173913043478 0.5421195652173914 0.7152173913043478 0.6005434782608695 0.6826086956521739 0.6290760869565217 0.6804347826086956 0.6671195652173914 0.6652173913043479 0.6725543478260869 0.6543478260869565 0.751358695652174 0.6326086956521739 0.8804347826086957 0.5760869565217391 0.9334239130434783 0.5630434782608695 0.9347826086956522 0.5717391304347826 0.9456521739130435 0.5739130434782609 0.967391304347826 0.3673913043478261 0.9660326086956522 0.30217391304347824 0.9592391304347826 0.2608695652173913 0.9456521739130435 0.22826086956521738 0.9239130434782609 0.20434782608695654 0.8546195652173914 0.18478260869565216 0.842391304347826 0.17608695652173914 0.8396739130434783 0.16304347826086957 0.8301630434782609 0.17608695652173914 0.8152173913043478 0.1565217391304348 0.7445652173913043 0.1608695652173913 0.7296195652173914 0.1391304347826087 0.7228260869565217 0.1391304347826087 0.7146739130434783 0.15434782608695652 0.6521739130434783 0.1565217391304348 0.6331521739130435 0.14130434782608695 0.6086956521739131 0.14347826086956522 0.59375 0.13260869565217392 0.5869565217391305 0.1282608695652174 0.5815217391304348 0.14130434782608695 0.5733695652173914 0.14130434782608695 0.5733695652173914 0.16956521739130434 0.5366847826086957 0.19782608695652174 0.5190217391304348 0.1934782608695652 0.3342391304347826 0.22391304347826088 0.32065217391304346 0.23478260869565218 0.29347826086956524 0.2217391304347826 0.22010869565217392 0.24347826086956523 0.21467391304347827 0.25217391304347825 0.17798913043478262 0.25217391304347825 0.17119565217391305 0.23478260869565218 0.14402173913043478 0.2326086956521739 0.13994565217391305 0.23695652173913043 0.14130434782608695 0.2543478260869565 0.1331521739130435 0.2608695652173913