1 0.19125 0.46416666666666667 0.19 0.49 0.1925 0.49833333333333335 0.19875 0.5008333333333334 0.2925 0.4891666666666667 0.33125 0.4875 0.32 0.44916666666666666 0.245 0.455 0.23375 0.45666666666666667 0.23375 0.4608333333333333 0.205 0.4583333333333333
1 0.13625 0.38166666666666665 0.135 0.395 0.155 0.43333333333333335 0.1675 0.44666666666666666 0.2075 0.4475 0.27625 0.43833333333333335 0.3225 0.42833333333333334 0.36 0.4275 0.36875 0.435 0.37875 0.48583333333333334 0.585 0.47583333333333333 0.73 0.46416666666666667 0.71375 0.42916666666666664 0.68125 0.37916666666666665 0.67125 0.37166666666666665 0.62875 0.36916666666666664 0.2025 0.37166666666666665 0.15625 0.37416666666666665
7 0.20125 0.5041666666666667 0.2 0.5125 0.20625 0.5258333333333334 0.22 0.5325 0.3425 0.5258333333333334 0.33875 0.5008333333333334 0.33125 0.49083333333333334 0.235 0.49583333333333335 0.21 0.49916666666666665
7 0.37875 0.4866666666666667 0.38 0.5183333333333333 0.3825 0.5233333333333333 0.39375 0.525 0.89125 0.48583333333333334 0.9075 0.48 0.90875 0.4691666666666667 0.90125 0.4575 0.86625 0.45666666666666667
2 0.385 0.5275 0.38625 0.5583333333333333 0.39875 0.56 0.68625 0.5308333333333334 0.77125 0.525 0.7975 0.52 0.8075 0.5216666666666666 0.81625 0.52 0.81875 0.5133333333333333 0.85625 0.51875 0.853125 0.5166666666666667 0.8875 0.5104166666666666 0.86625 0.5125 0.87375 0.5091666666666667 0.8775 0.4975 0.89375 0.50625 0.84875 0.49083333333333334
2 0.135 0.5433333333333333 0.1375 0.5616666666666666 0.14625 0.5658333333333333 0.32 0.5783333333333334 0.3575 0.5783333333333334 0.35375 0.5566666666666666 0.33125 0.5516666666666666 0.15125 0.535 0.13875 0.5358333333333334
4 0.3175 0.43166666666666664 0.3 0.43583333333333335 0.3 0.43833333333333335 0.30625 0.44166666666666665 0.32125 0.43833333333333335 0.32625 0.445 0.3725 0.6341666666666667 0.37625 0.6408333333333334 0.385 0.6425 0.39375 0.64 0.395 0.6358333333333334 0.3675 0.43666666666666665 0.3575 0.42833333333333334
4 0.12125 0.4775 0.1175 0.6175 0.12625 0.62 0.13625 0.6183333333333333 0.14 0.6133333333333333 0.1475 0.5625 0.1375 0.555 0.1375 0.5458333333333333 0.15125 0.5358333333333334 0.15375 0.5283333333333333 0.1625 0.45916666666666667 0.12625 0.455
6 0.12625 0.45416666666666666 0.12625 0.4583333333333333 0.16125 0.4608333333333333 0.285 0.4475 0.32375 0.43916666666666665 0.33125 0.43166666666666664 0.31125 0.43166666666666664 0.2875 0.43833333333333335 0.235 0.44583333333333336
4 0.66375 0.5391666666666667 0.6625 0.5575 0.66375 0.56 0.67375 0.56 0.68 0.5325 0.67125 0.5325
4 0.81625 0.5216666666666666 0.88625 0.5258333333333334 0.89375 0.5308333333333334 0.90375 0.5725 0.91375 0.5741666666666667 0.9175 0.5716666666666667 0.90375 0.49166666666666664 0.89375 0.495 0.89375 0.5033333333333333 0.88375 0.5166666666666667
4 0.8525 0.4166666666666667 0.85125 0.4191666666666667 0.86125 0.41833333333333333 0.87 0.43 0.87625 0.45416666666666666 0.8975 0.455 0.9 0.44916666666666666 0.8925 0.4141666666666667 0.8725 0.4116666666666667
4 0.89375 0.49416666666666664 0.8875 0.5008333333333334 0.89125 0.5066666666666667 0.88875 0.5133333333333333 0.8575 0.52 0.845 0.52 0.84125 0.5166666666666667 0.83 0.5216666666666666 0.88 0.525 0.89625 0.5416666666666666 0.90375 0.5725 0.915 0.5733333333333334 0.9175 0.5666666666666667 0.9075 0.505 0.9025 0.4925
4 0.66375 0.5383333333333333 0.66375 0.56 0.675 0.56 0.68125 0.5341666666666667
3 0.721875 0.425 0.890625 0.4083333333333333 0.878125 0.4166666666666667 0.753125 0.43125
4 0.88125 0.41875 0.90625 0.4479166666666667 0.88125 0.45625 0.865625 0.4354166666666667
0 0.12375 0.38666666666666666 0.11875 0.6191666666666666 0.1375 0.6175 0.145 0.58 0.15875 0.5658333333333333 0.35625 0.58 0.3775 0.6425 0.395 0.6391666666666667 0.39 0.5966666666666667 0.895 0.5433333333333333 0.90375 0.5725 0.9175 0.5716666666666667 0.905 0.49583333333333335 0.90875 0.4683333333333333 0.89875 0.4479166666666667 0.895 0.42 0.88875 0.4125 0.85 0.4141666666666667 0.77375 0.4266666666666667 0.7175 0.42916666666666664 0.7025 0.4166666666666667 0.6775 0.37416666666666665 0.6425 0.36916666666666664 0.195 0.37166666666666665 0.1575 0.37333333333333335