5 0.2759259259259259 0.6074074074074074 0.2759259259259259 0.6259259259259259 0.337037037037037 0.6333333333333333 0.33796296296296297 0.6259259259259259 0.3287037037037037 0.6157407407407407 0.32037037037037036 0.5953703703703703 0.30925925925925923 0.5851851851851851 0.2833333333333333 0.5981481481481481
5 0.6805555555555556 0.5546296296296296 0.6787037037037037 0.5675925925925925 0.6842592592592592 0.587037037037037 0.6833333333333333 0.6148148148148148 0.6796296296296296 0.625 0.6824074074074075 0.6361111111111111 0.7768518518518519 0.6398148148148148 0.7731481481481481 0.625 0.7768518518518519 0.6194444444444445 0.7685185185185185 0.6166666666666667 0.7675925925925926 0.6074074074074074 0.7666666666666667 0.587037037037037 0.7712962962962963 0.5648148148148148 0.7685185185185185 0.5555555555555556 0.7101851851851851 0.5583333333333333 0.6888888888888889 0.5527777777777778
1 0.20092592592592592 0.6055555555555555 0.2 0.6083333333333333 0.22037037037037038 0.6157407407407407 0.26666666666666666 0.625 0.2796296296296296 0.5972222222222222 0.2898148148148148 0.5962962962962963 0.2962962962962963 0.5916666666666667 0.31851851851851853 0.5953703703703703 0.32037037037037036 0.6064814814814815 0.33240740740740743 0.6194444444444445 0.3333333333333333 0.6333333333333333 0.34814814814814815 0.6416666666666667 0.35555555555555557 0.6685185185185185 0.43703703703703706 0.662962962962963 0.4675925925925926 0.6564814814814814 0.562037037037037 0.6472222222222223 0.5722222222222222 0.6416666666666667 0.587037037037037 0.6435185185185185 0.6185185185185185 0.6398148148148148 0.675 0.6277777777777778 0.6805555555555556 0.6037037037037037 0.6759259259259259 0.5574074074074075 0.6967592592592593 0.5462962962962963 0.24074074074074073 0.5777777777777777 0.22685185185185186 0.5814814814814815 0.2222222222222222 0.5916666666666667 0.2064814814814815 0.6055555555555555
2 0.2712962962962963 0.7981481481481482 0.27037037037037037 0.8157407407407408 0.2740740740740741 0.825 0.29444444444444445 0.8305555555555556 0.3138888888888889 0.8305555555555556 0.7685185185185185 0.7490740740740741 0.8666666666666667 0.7277777777777777 0.8722222222222222 0.7240740740740741 0.8740740740740741 0.7157407407407408 0.8722222222222222 0.712037037037037 0.8398148148148148 0.7148148148148148 0.8166666666666667 0.7212962962962963 0.4185185185185185 0.7888888888888889 0.3472222222222222 0.7953703703703704 0.31296296296296294 0.8046296296296296 0.3 0.8037037037037037 0.27870370370370373 0.7953703703703704
7 0.34074074074074073 0.7101851851851851 0.33796296296296297 0.7194444444444444 0.3472222222222222 0.7231481481481481 0.35462962962962963 0.7444444444444445 0.3537037037037037 0.7712962962962963 0.3490740740740741 0.7898148148148149 0.3611111111111111 0.7944444444444444 0.38055555555555554 0.7935185185185185 0.8268518518518518 0.7175925925925926 0.8361111111111111 0.7092592592592593 0.837037037037037 0.6712962962962963 0.8324074074074074 0.6537037037037037 0.8148148148148148 0.6462962962962963 0.7777777777777778 0.6472222222222223 0.7462962962962963 0.6416666666666667 0.6990740740740741 0.6416666666666667 0.6574074074074074 0.6361111111111111 0.6064814814814815 0.6453703703703704 0.5722222222222222 0.6462962962962963 0.3611111111111111 0.6712962962962963 0.3537037037037037 0.674074074074074 0.3527777777777778 0.6935185185185185
6 0.12685185185185185 0.6268518518518519 0.12685185185185185 0.6666666666666666 0.1361111111111111 0.6861111111111111 0.12777777777777777 0.6990740740740741 0.12685185185185185 0.7305555555555555 0.1361111111111111 0.7583333333333333 0.15462962962962962 0.7574074074074074 0.19814814814814816 0.7675925925925926 0.2518518518518518 0.7861111111111111 0.26296296296296295 0.7842592592592592 0.2712962962962963 0.7944444444444444 0.3037037037037037 0.8027777777777778 0.325 0.8018518518518518 0.3472222222222222 0.7925925925925926 0.3537037037037037 0.7768518518518519 0.3537037037037037 0.7398148148148148 0.34444444444444444 0.7157407407407408 0.3509259259259259 0.6944444444444444 0.3527777777777778 0.6638888888888889 0.3509259259259259 0.6509259259259259 0.34444444444444444 0.6388888888888888 0.28425925925925927 0.6277777777777778 0.25833333333333336 0.6287037037037037 0.1962962962962963 0.6083333333333333 0.1425925925925926 0.6092592592592593 0.13055555555555556 0.6166666666666667
4 0.13240740740740742 0.7481481481481481 0.13333333333333333 0.8101851851851852 0.14074074074074075 0.8148148148148148 0.14444444444444443 0.8092592592592592 0.14351851851851852 0.762962962962963 0.14074074074074075 0.7481481481481481
2 0.14722222222222223 0.7648148148148148 0.14629629629629629 0.7805555555555556 0.1527777777777778 0.7861111111111111 0.24166666666666667 0.812962962962963 0.2518518518518518 0.8138888888888889 0.25462962962962965 0.8101851851851852 0.25277777777777777 0.7907407407407407 0.23055555555555557 0.7805555555555556 0.15925925925925927 0.7601851851851852 0.15 0.7601851851851852
4 0.850925925925926 0.7342592592592593 0.850925925925926 0.7416666666666667 0.8435185185185186 0.7444444444444445 0.8583333333333333 0.7453703703703703 0.862037037037037 0.7333333333333333
3 0.7675925925925926 0.5824074074074074 0.7675925925925926 0.612037037037037 0.7777777777777778 0.637962962962963 0.8305555555555556 0.649074074074074 0.837037037037037 0.6592592592592592 0.8379629629629629 0.7064814814814815 0.8518518518518519 0.7111111111111111 0.8703703703703703 0.7074074074074074 0.8787037037037037 0.6916666666666667 0.8787037037037037 0.6592592592592592 0.8712962962962963 0.6472222222222223 0.8796296296296297 0.625 0.8796296296296297 0.5953703703703703 0.875 0.5842592592592593 0.8648148148148148 0.5805555555555556 0.7759259259259259 0.5731481481481482 0.7703703703703704 0.5740740740740741
4 0.25555555555555554 0.7925925925925926 0.2574074074074074 0.8546296296296296 0.2657407407407407 0.8583333333333333 0.26944444444444443 0.8555555555555555 0.2675925925925926 0.7851851851851852 0.26481481481481484 0.7824074074074074 0.2601851851851852 0.7842592592592592
0 0.12685185185185185 0.6259259259259259 0.12685185185185185 0.6675925925925926 0.1361111111111111 0.6796296296296296 0.1287037037037037 0.6944444444444444 0.12685185185185185 0.7129629629629629 0.13518518518518519 0.8101851851851852 0.1425925925925926 0.8111111111111111 0.1425925925925926 0.8018518518518518 0.14907407407407408 0.7851851851851852 0.15185185185185185 0.7851851851851852 0.22037037037037038 0.8074074074074075 0.25 0.812962962962963 0.25462962962962965 0.8157407407407408 0.2574074074074074 0.850925925925926 0.2611111111111111 0.8574074074074074 0.27037037037037037 0.8555555555555555 0.27037037037037037 0.8333333333333334 0.27870370370370373 0.825925925925926 0.30648148148148147 0.8305555555555556 0.32314814814814813 0.8287037037037037 0.6685185185185185 0.762962962962963 0.7537037037037037 0.75 0.7962962962962963 0.7379629629629629 0.8518518518518519 0.7324074074074074 0.8555555555555555 0.7416666666666667 0.8564814814814815 0.7333333333333333 0.8731481481481481 0.7231481481481481 0.8722222222222222 0.7083333333333334 0.8777777777777778 0.6944444444444444 0.8796296296296297 0.6092592592592593 0.8787037037037037 0.5935185185185186 0.8731481481481481 0.5833333333333334 0.8138888888888889 0.575 0.7759259259259259 0.575 0.7666666666666667 0.5861111111111111 0.7 0.5564814814814815 0.6981481481481482 0.5435185185185185 0.41759259259259257 0.562962962962963 0.4074074074074074 0.5666666666666667 0.39166666666666666 0.5638888888888889 0.2916666666666667 0.575925925925926 0.23703703703703705 0.5768518518518518 0.22407407407407406 0.5851851851851851 0.225 0.6 0.21821018518518517 0.6055555555555555 0.14629629629629629 0.6074074074074074 0.13333333333333333 0.6129629629629629