5 0.6675 0.3775 0.64 0.405 0.6625 0.435 0.715 0.4425 0.735 0.4275 0.7425 0.4075 0.7325 0.3825 0.6975 0.37
5 0.2525 0.41 0.25 0.43 0.3025 0.4775 0.34 0.47 0.3575 0.4525 0.345 0.4025 0.2825 0.39
4 0.1175 0.6275 0.1075 0.625 0.11 0.64 0.125 0.64
4 0.56 0.615 0.56 0.64 0.58 0.6425 0.585 0.6125
4 0.6 0.605 0.6 0.635 0.6175 0.6375 0.6225 0.605
4 0.8825 0.525 0.88 0.5975 0.89 0.6025 0.9025 0.59 0.9025 0.515 0.89 0.51
4 0.2425 0.61 0.24 0.705 0.2625 0.7125 0.275 0.695 0.2675 0.59 0.2525 0.59
6 0.065 0.475 0.065 0.5775 0.1 0.62 0.1975 0.665 0.235 0.66 0.2425 0.6075 0.2613625 0.579545 0.28 0.65 0.2975 0.635 0.3 0.4925 0.275 0.45 0.235 0.43 0.1275 0.415 0.09 0.43
0 0.065 0.4675 0.0625 0.5625 0.0775 0.6 0.1125 0.6375 0.2 0.6625 0.24 0.685 0.2475 0.7125 0.8925 0.6 0.9 0.5875 0.9075 0.505 0.9 0.425 0.885 0.4025 0.8375 0.3875 0.6325 0.3625 0.2325 0.38 0.095 0.425
1 0.175 0.4 0.165 0.41 0.1725 0.415 0.2475 0.43 0.255 0.405 0.2775 0.39 0.33 0.3975 0.3525 0.43 0.345 0.47 0.365 0.4725 0.64 0.4475 0.655 0.4375 0.6475 0.4 0.6675 0.375 0.615 0.36 0.575 0.37 0.515 0.365 0.25 0.3775 0.2025 0.385
1 0.3025 0.485 0.3025 0.645 0.725 0.585 0.7625 0.575 0.7625 0.5425 0.85 0.5425 0.8475 0.5 0.825 0.4725 0.735 0.4525 0.6525 0.4475 0.585 0.4575 0.57 0.4725 0.525 0.48 0.4275 0.4675
7 0.3025 0.485 0.3 0.645 0.8 0.5725 0.83 0.565 0.85 0.535 0.845 0.4925 0.825 0.4725 0.765 0.455 0.6545449999999999 0.445455 0.5525 0.455 0.505 0.4675 0.4375 0.465
3 0.7575 0.38 0.735 0.38 0.745 0.405 0.7375 0.445 0.8275 0.47 0.8475 0.49 0.86 0.525 0.8475 0.5625 0.8725 0.5625 0.88 0.52 0.9075 0.5125 0.9075 0.4525 0.895 0.4125 0.8575 0.39