0 0.02309782608695652 0.5773955773955773 0.03804347826086957 0.6633906633906634 0.058423913043478264 0.6769041769041769 0.05570652173913043 0.7113022113022113 0.059782608695652176 0.7100737100737101 0.06385869565217392 0.6855036855036855 0.08288043478260869 0.6744471744471745 0.4701086956521739 0.6732186732186732 0.483695652173913 0.6744471744471745 0.48777173913043476 0.6793611793611793 0.4945652173913043 0.6756756756756757 0.5122282608695652 0.6904176904176904 0.5122282608695652 0.7063882063882064 0.5176630434782609 0.7137592137592138 0.5244565217391305 0.683046683046683 0.5407608695652174 0.6744471744471745 0.7160326086956522 0.671990171990172 0.9442934782608695 0.6769041769041769 0.9551630434782609 0.671990171990172 0.9633152173913043 0.6609336609336609 0.9782608695652174 0.585995085995086 0.9755434782608695 0.5761670761670762 0.9633152173913043 0.5663390663390664 0.9633152173913043 0.5454545454545454 0.9184782608695652 0.5282555282555282 0.907608695652174 0.5012285012285013 0.8980978260869565 0.4950859950859951 0.8899456521739131 0.4668304668304668 0.873641304347826 0.4619164619164619 0.8152173913043478 0.4606879606879607 0.6331521739130435 0.4643734643734644 0.561141304347826 0.4606879606879607 0.12364130434782608 0.4619164619164619 0.11141304347826086 0.4668304668304668 0.10190217391304347 0.49385749385749383 0.10326086956521739 0.5036855036855037 0.09782608695652174 0.504914004914005 0.08967391304347826 0.5294840294840295 0.036684782608695655 0.542997542997543 0.033967391304347824 0.5724815724815725
5 0.6182065217391305 0.4987714987714988 0.6168478260869565 0.5122850122850123 0.6304347826086957 0.5712530712530712 0.6277173913043478 0.5847665847665847 0.625 0.5798525798525799 0.6494565217391305 0.5823095823095823 0.6779891304347826 0.5773955773955773 0.6942934782608695 0.5773955773955773 0.7309782608695652 0.5724815724815725 0.7214673913043478 0.5552825552825553 0.7309782608695652 0.5577395577395577 0.7228260869565217 0.4950859950859951
5 0.7948369565217391 0.5135135135135135 0.779891304347826 0.5724815724815725 0.8845108695652174 0.581081081081081 0.8994565217391305 0.5012285012285013 0.8002717391304348 0.4975429975429975
6 0.021739130434782608 0.5786240786240786 0.03125 0.6425061425061425 0.04076086956521739 0.6683046683046683 0.06114130434782609 0.6744471744471745 0.059782608695652176 0.6572481572481572 0.04755434782608696 0.6314496314496314 0.04755434782608696 0.6007371007371007 0.03260869565217391 0.5724815724815725
5 0.035326086956521736 0.5417690417690417 0.035326086956521736 0.5712530712530712 0.058423913043478264 0.6093366093366094 0.06657608695652174 0.6093366093366094 0.11684782608695653 0.5786240786240786 0.12771739130434784 0.5835380835380836 0.2078804347826087 0.5737100737100738 0.20516304347826086 0.5565110565110565 0.17391304347826086 0.5012285012285013 0.09103260869565218 0.5061425061425061 0.09239130434782608 0.5233415233415234 0.07472826086956522 0.5331695331695332
7 0.050271739130434784 0.6154791154791155 0.057065217391304345 0.6523341523341524 0.07608695652173914 0.6572481572481572 0.9320652173913043 0.6560196560196561 0.9456521739130435 0.644963144963145 0.9497282608695652 0.6265356265356266 0.9456521739130435 0.6130221130221131 0.8926630434782609 0.5872235872235873 0.8206521739130435 0.5798525798525799 0.782608695652174 0.5835380835380836 0.7595108695652174 0.5773955773955773 0.6820652173913043 0.581081081081081 0.6358695652173914 0.5909090909090909 0.6059782608695652 0.5798525798525799 0.5706521739130435 0.5773955773955773 0.4320652173913043 0.5773955773955773 0.360054347826087 0.5872235872235873 0.35190217391304346 0.581081081081081 0.328804347826087 0.5786240786240786 0.20380434782608695 0.5773955773955773 0.10733695652173914 0.5872235872235873 0.06657608695652174 0.6117936117936118
2 0.057065217391304345 0.6621621621621622 0.05434782608695652 0.6609336609336609 0.051630434782608696 0.6781326781326781 0.9347826086956522 0.6756756756756757 0.9510869565217391 0.6744471744471745 0.9578804347826086 0.6683046683046683 0.9524456521739131 0.6621621621621622 0.9578804347826086 0.6584766584766585 0.9565217391304348 0.6511056511056511 0.9198369565217391 0.6597051597051597 0.34103260869565216 0.6572481572481572
3 0.9483695652173914 0.601965601965602 0.9524456521739131 0.6314496314496314 0.9442934782608695 0.6597051597051597 0.9565217391304348 0.671990171990172 0.967391304347826 0.6511056511056511 0.9782608695652174 0.5958230958230958 0.9782608695652174 0.5773955773955773 0.96875 0.5638820638820639 0.970108695652174 0.5540540540540541
4 0.5027173913043478 0.687960687960688 0.5 0.7027027027027027 0.5040760869565217 0.7063882063882064
4 0.5108695652173914 0.6793611793611793 0.5095108695652174 0.699017199017199 0.5176630434782609 0.7137592137592138 0.5217391304347826 0.7125307125307125 0.5271739130434783 0.6781326781326781
4 0.485054347826087 0.6781326781326781 0.485054347826087 0.7063882063882064 0.4904891304347826 0.7076167076167076 0.49184782608695654 0.6818181818181818
4 0.05434782608695652 0.6977886977886978 0.05298913043478261 0.7100737100737101 0.058423913043478264 0.7137592137592138 0.06657608695652174 0.6818181818181818 0.07472826086956522 0.6781326781326781 0.058423913043478264 0.6781326781326781 0.0625 0.6904176904176904
4 0.9266304347826086 0.6769041769041769 0.936141304347826 0.6867321867321867 0.9415760869565217 0.7162162162162162 0.9470108695652174 0.7162162162162162 0.9470108695652174 0.6781326781326781