0 0.04363636363636364 0.5909090909090909 0.04363636363636364 0.6218181818181818 0.06909090909090909 0.6454545454545455 0.08727272727272728 0.6527272727272727 0.08727272727272728 0.6690909090909091 0.04363636363636364 0.6818181818181818 0.04363636363636364 0.769090909090909 0.10181818181818182 0.8 0.11454545454545455 0.850909090909091 0.12181818181818181 0.8490909090909091 0.12363636363636364 0.8145454545454546 0.17454545454545456 0.8381818181818181 0.21272727272727274 0.8381818181818181 0.22 0.9109090909090909 0.2309090909090909 0.9054545454545454 0.23454545454545456 0.8327272727272728 0.8727272727272727 0.7527272727272727 0.8927272727272727 0.7545454545454545 0.8909090909090909 0.8127272727272727 0.8963636363636364 0.8163636363636364 0.9018181818181819 0.7545454545454545 0.96 0.7436363636363637 0.9690909090909091 0.7254545454545455 0.9654545454545455 0.5709090909090909 0.8 0.54 0.7890909090909091 0.49818181818181817 0.3327272727272727 0.5109090909090909 0.10909090909090909 0.5272727272727272 0.09090909090909091 0.5363636363636364 0.09454545454545454 0.5636363636363636 0.08545454545454545 0.5854545454545454 0.04727272727272727 0.5836363636363636
1 0.5963636363636363 0.5036363636363637 0.6145454545454545 0.6345454545454545 0.7963636363636364 0.6181818181818182 0.8018181818181818 0.6127272727272727 0.7981818181818182 0.5690909090909091 0.7854545454545454 0.5381818181818182 0.8022727272727272 0.5613636363636364 0.7863636363636364 0.49772727272727274 0.6781818181818182 0.5072727272727273
1 0.3690909090909091 0.5145454545454545 0.37636363636363634 0.6018181818181818 0.3836363636363636 0.64 0.3927272727272727 0.6509090909090909 0.5981818181818181 0.6363636363636364 0.5945454545454546 0.5672727272727273 0.58 0.5072727272727273
1 0.10363636363636364 0.5345454545454545 0.10181818181818182 0.5836363636363636 0.11818181818181818 0.5945454545454546 0.2018181818181818 0.6181818181818182 0.21818181818181817 0.6672727272727272 0.37272727272727274 0.6527272727272727 0.3709090909090909 0.6 0.35454545454545455 0.5145454545454545 0.10909090909090909 0.5290909090909091
7 0.21454545454545454 0.6745454545454546 0.21636363636363637 0.7818181818181819 0.9090909090909091 0.7054545454545454 0.9418181818181818 0.6963636363636364 0.9381818181818182 0.6527272727272727 0.8927272727272727 0.6363636363636364 0.8109090909090909 0.6218181818181818
2 0.21454545454545454 0.7872727272727272 0.21454545454545454 0.8309090909090909 0.2636363636363636 0.8290909090909091 0.9145454545454546 0.7472727272727273 0.9345454545454546 0.7436363636363637 0.9418181818181818 0.7127272727272728 0.9218181818181819 0.7072727272727273 0.8472727272727273 0.7145454545454546
6 0.04363636363636364 0.5963636363636363 0.045454545454545456 0.6218181818181818 0.09454545454545454 0.66 0.07818181818181819 0.6745454545454546 0.04363636363636364 0.6818181818181818 0.045454545454545456 0.7709090909090909 0.10727272727272727 0.8 0.11454545454545455 0.8127272727272727 0.1290909090909091 0.8127272727272727 0.1709090909090909 0.8345454545454546 0.20545454545454545 0.8327272727272728 0.20727272727272728 0.6272727272727273 0.08 0.5854545454545454 0.04909090909090909 0.5854545454545454
3 0.8072727272727273 0.5454545454545454 0.8145454545454546 0.62 0.8872727272727273 0.6327272727272727 0.9309090909090909 0.649090909090909 0.9454545454545454 0.6754545454545454 0.9436363636363636 0.7436363636363637 0.9618181818181818 0.7418181818181818 0.9672727272727273 0.730909090909091 0.9636363636363636 0.5690909090909091
4 0.11272727272727273 0.8072727272727273 0.10909090909090909 0.8472727272727273 0.12 0.850909090909091 0.12181818181818181 0.8127272727272727
4 0.8927272727272727 0.7527272727272727 0.8909090909090909 0.8163636363636364 0.8981818181818182 0.8181818181818182 0.9036363636363637 0.7509090909090909
4 0.22 0.8345454545454546 0.21818181818181817 0.9109090909090909 0.22727272727272727 0.9127272727272727 0.23272727272727273 0.8381818181818181