1 0.12444444444444444 0.35555555555555557 0.09333333333333334 0.36 0.12444444444444444 0.4488888888888889 0.2311111111111111 0.44 0.35555555555555557 0.4666666666666667 0.8933333333333333 0.4533333333333333 0.8977777777777778 0.39555555555555555 0.92 0.36
6 0.0044444444444444444 0.37777777777777777 0.013333333333333334 0.5644444444444444 0.017777777777777778 0.5066666666666667 0.1111111111111111 0.4533333333333333 0.1111111111111111 0.40444444444444444 0.08444444444444445 0.36
3 0.9022222222222223 0.39111111111111113 0.9022222222222223 0.4577777777777778 0.9644444444444444 0.49333333333333335 0.9777777777777777 0.5644444444444444 0.9911111111111112 0.5644444444444444 0.9911111111111112 0.3688888888888889 0.9244444444444444 0.36
7 0.05333333333333334 0.4888888888888889 0.022222222222222223 0.5022222222222222 0.02666666666666667 0.5644444444444444 0.9733333333333334 0.5644444444444444 0.9777777777777777 0.5377777777777778 0.9688888888888889 0.5022222222222222 0.9066666666666666 0.4711111111111111 0.4177777777777778 0.4622222222222222 0.3466666666666667 0.48 0.30666666666666664 0.4622222222222222 0.15555555555555556 0.4577777777777778
4 0.0018844444444444444 0.5739688888888889 0.003142222222222222 0.65372 0.02073777777777778 0.648688888888889 0.023253333333333334 0.576168888888889
4 0.07604000000000001 0.5764844444444445 0.07981333333333332 0.6050933333333333 0.09363555555555556 0.6029955555555556 0.09363555555555556 0.5732355555555556
4 0.3393555555555556 0.5802533333333333 0.3416577777777778 0.6239555555555555 0.35757777777777777 0.62228 0.3567422222222222 0.5786844444444444
4 0.9333333333333333 0.5733333333333334 0.9288888888888889 0.5777777777777777 0.9288888888888889 0.5955555555555555 0.9377777777777778 0.5955555555555555 0.9377777777777778 0.5733333333333334
4 0.6479155555555556 0.5802533333333333 0.6479155555555556 0.6239511111111111 0.66216 0.6218533333333334 0.6613244444444445 0.577
4 0.9772177777777777 0.5739688888888889 0.9767955555555555 0.6520355555555556 0.9943911111111111 0.6507777777777778 0.9943911111111111 0.5681955555555556
0 0.0044444444444444444 0.37333333333333335 0.008888888888888889 0.6444444444444445 0.03111111111111111 0.5688888888888889 0.08444444444444445 0.5955555555555555 0.3377777777777778 0.5955555555555555 0.3422222222222222 0.6177777777777778 0.9911111111111112 0.6444444444444445 0.9955555555555555 0.37333333333333335 0.9777777777777777 0.36 0.12 0.35555555555555557