1 0.234375 0.2875586854460094 0.23203125 0.32629107981220656 0.23515625 0.33215962441314556 0.40625 0.4072769953051643 0.534375 0.45774647887323944 0.55078125 0.45539906103286387 0.553125 0.4624413145539906 0.57265625 0.4612676056338028 0.59375 0.4413145539906103 0.5984375 0.4295774647887324 0.671875 0.40375586854460094 0.71640625 0.40375586854460094 0.7375 0.38967136150234744 0.75390625 0.3591549295774648 0.7625 0.3333333333333333 0.76328125 0.318075117370892 0.771875 0.2992957746478873 0.7828125 0.29577464788732394 0.79296875 0.2793427230046948 0.78671875 0.25821596244131456 0.79453125 0.23708920187793428 0.79296875 0.20422535211267606 0.80390625 0.16666666666666666 0.81015625 0.15492957746478872 0.8171875 0.15140845070422534 0.825 0.11502347417840375 0.815625 0.09859154929577464 0.803125 0.0892018779342723 0.7734375 0.07981220657276995 0.76484375 0.08333333333333333 0.7609375 0.07746478873239436 0.7390625 0.0715962441314554 0.5890625 0.045774647887323945 0.5703125 0.045774647887323945 0.5640625 0.05046948356807512 0.56015625 0.04107981220657277 0.42421875 0.01643192488262911 0.33828125 0.005868544600938967 0.29296875 0.01056338028169014 0.2734375 0.029342723004694836 0.2546875 0.07981220657276995 0.24296875 0.2312206572769953
6 0.02734375 0.3004694835680751 0.02578125 0.34507042253521125 0.028125 0.3685446009389671 0.0328125 0.37910798122065725 0.034375 0.4119718309859155 0.0296875 0.43427230046948356 0.01875 0.4565727699530516 0.003125 0.48826291079812206 0.003125 0.5187793427230047 0.0265625 0.5516431924882629 0.046875 0.49061032863849763 0.03671875 0.392018779342723 0.0609375 0.3685446009389671 0.10234375 0.357981220657277 0.14453125 0.36032863849765256 0.19140625 0.3368544600938967 0.21953125 0.3368544600938967 0.22734375 0.33098591549295775 0.24453125 0.1607981220657277 0.240625 0.1572769953051643 0.22109375 0.1983568075117371 0.209375 0.21244131455399062 0.19921875 0.21713615023474178 0.18671875 0.22065727699530516 0.15546875 0.2147887323943662 0.11015625 0.215962441314554 0.075 0.2300469483568075 0.04296875 0.25821596244131456
3 0.54609375 0.5516431924882629 0.54140625 0.5974178403755869 0.54375 0.6549295774647887 0.54140625 0.7230046948356808 0.53359375 0.75 0.52265625 0.7711267605633803 0.521875 0.7793427230046949 0.5265625 0.7887323943661971 0.51953125 0.7922535211267606 0.5140625 0.8028169014084507 0.5171875 0.8086854460093896 0.51171875 0.8169014084507042 0.51171875 0.8286384976525821 0.5046875 0.8403755868544601 0.50546875 0.863849765258216 0.51171875 0.8849765258215962 0.54921875 0.9178403755868545 0.565625 0.9248826291079812 0.59140625 0.9460093896713615 0.615625 0.9436619718309859 0.6671875 0.8884976525821596 0.78671875 0.7734741784037559 0.81015625 0.7769953051643192 0.815625 0.7863849765258216 0.81953125 0.7816901408450704 0.82734375 0.7382629107981221 0.8359375 0.7206572769953051 0.86953125 0.3732394366197183 0.87109375 0.3227699530516432 0.86796875 0.318075117370892 0.80859375 0.3028169014084507 0.77890625 0.3051643192488263 0.771875 0.31338028169014087 0.7546875 0.3685446009389671 0.73203125 0.4014084507042254 0.71875 0.4107981220657277 0.67265625 0.41431924882629106 0.6265625 0.42488262910798125 0.59453125 0.44835680751173707 0.57421875 0.4753521126760563 0.5640625 0.4953051643192488
7 0.0421875 0.3931924882629108 0.04453125 0.4753521126760563 0.04921875 0.4988262910798122 0.21484375 0.5997652582159625 0.3265625 0.6772300469483568 0.48125 0.7758215962441315 0.5046875 0.7816901408450704 0.509375 0.7769953051643192 0.51171875 0.7793427230046949 0.52890625 0.7546948356807511 0.53046875 0.7382629107981221 0.5359375 0.7312206572769953 0.5390625 0.7183098591549296 0.54140625 0.6971830985915493 0.53828125 0.6713615023474179 0.540625 0.6467136150234741 0.53828125 0.6185446009389671 0.534375 0.6068075117370892 0.5484375 0.5269953051643192 0.5671875 0.4812206572769953 0.565625 0.47417840375586856 0.234375 0.3368544600938967 0.18828125 0.3392018779342723 0.14609375 0.3615023474178404 0.0859375 0.3626760563380282 0.0546875 0.3767605633802817
2 0.040625 0.5140845070422535 0.040625 0.5375586854460094 0.04921875 0.5598591549295775 0.08125 0.5856807511737089 0.30546875 0.7476525821596244 0.33046875 0.7617370892018779 0.34921875 0.7629107981220657 0.35859375 0.7769953051643192 0.3703125 0.7828638497652582 0.37578125 0.7969483568075117 0.3984375 0.8098591549295775 0.47265625 0.8661971830985915 0.50625 0.8849765258215962 0.5 0.8568075117370892 0.50078125 0.8192488262910798 0.5078125 0.8004694835680751 0.50546875 0.7863849765258216 0.27265625 0.642018779342723 0.2546875 0.6267605633802817 0.2421875 0.6220657276995305 0.07109375 0.5105633802816901 0.04609375 0.5
4 0.04375 0.5586854460093896 0.04609375 0.5774647887323944 0.05078125 0.5845070422535211 0.05703125 0.5868544600938967 0.06796875 0.5774647887323944
4 0.18203125 0.6596244131455399 0.1796875 0.6619718309859155 0.184375 0.6795774647887324 0.19140625 0.6889671361502347 0.20390625 0.6936619718309859 0.21484375 0.6866197183098591
4 0.32578125 0.7640845070422535 0.32734375 0.784037558685446 0.3375 0.7934272300469484 0.34609375 0.795774647887324 0.35859375 0.7887323943661971 0.34609375 0.7758215962441315
4 0.80625 0.7582159624413145 0.80625 0.7758215962441315 0.82109375 0.7828638497652582 0.828125 0.7746478873239436 0.83125 0.7370892018779343
4 0.58359375 0.9448356807511737 0.590625 0.9730046948356808 0.609375 0.9870892018779343 0.61484375 0.9870892018779343 0.6328125 0.9683098591549296 0.65234375 0.9096244131455399 0.6078125 0.9483568075117371 0.59453125 0.9495305164319249
0 0.0234375 0.31690140845070425 0.0265625 0.3626760563380282 0.0328125 0.38380281690140844 0.03359375 0.4284037558685446 0.00625 0.4765258215962441 0.00234375 0.49061032863849763 0.00234375 0.505868544600939 0.01171875 0.5352112676056338 0.04140625 0.5575117370892019 0.05 0.5821596244131455 0.05703125 0.5845070422535211 0.0671875 0.573943661971831 0.0734375 0.5762910798122066 0.08125 0.5856807511737089 0.17109375 0.6490610328638498 0.18125 0.6607981220657277 0.18203125 0.6713615023474179 0.19375 0.6889671361502347 0.203125 0.6924882629107981 0.215625 0.6854460093896714 0.23046875 0.6924882629107981 0.31953125 0.7546948356807511 0.32890625 0.7852112676056338 0.34140625 0.7922535211267606 0.35546875 0.7828638497652582 0.3625 0.7852112676056338 0.46640625 0.8626760563380281 0.50703125 0.8873239436619719 0.58125 0.9448356807511737 0.58984375 0.971830985915493 0.60546875 0.9835680751173709 0.6125 0.9859154929577465 0.62890625 0.9730046948356808 0.65703125 0.9002347417840375 0.771875 0.7875586854460094 0.78828125 0.7758215962441315 0.81796875 0.7863849765258216 0.82734375 0.7758215962441315 0.83125 0.7335680751173709 0.83671875 0.7265258215962441 0.83984375 0.6960093896713615 0.8703125 0.3685446009389671 0.871875 0.3227699530516432 0.86796875 0.31690140845070425 0.79921875 0.3004694835680751 0.79375 0.29460093896713613 0.80234375 0.19131455399061034 0.8078125 0.16784037558685447 0.81953125 0.15023474178403756 0.8265625 0.13028169014084506 0.82421875 0.10915492957746478 0.81015625 0.09154929577464789 0.77578125 0.07746478873239436 0.72421875 0.06690140845070422 0.52734375 0.036384976525821594 0.43671875 0.017605633802816902 0.32265625 0.0035211267605633804 0.29921875 0.005868544600938967 0.28046875 0.018779342723004695 0.2625 0.04929577464788732 0.25390625 0.08098591549295775 0.246875 0.15375586854460094 0.240625 0.1607981220657277 0.2390625 0.17136150234741784 0.2265625 0.18896713615023475 0.22578125 0.1960093896713615 0.21171875 0.2112676056338028 0.19140625 0.21948356807511737 0.140625 0.21244131455399062 0.09765625 0.21948356807511737 0.07734375 0.22769953051643194 0.0515625 0.2476525821596244 0.03984375 0.26291079812206575 0.02734375 0.29577464788732394